Layers: [784, 700, 500, 10]
Seed: 51
Learning rate: 0.0003
Activation function: sigmoid
Output function: softmax
Epochs: 1000
Inverted: False
Thresholded: False
Threshold_value: 127
Epochs;Accuracy;MAX_Epoch;MAX
1;89.82;1;89.82
2;92.09;2;92.09
3;93.08;3;93.08
4;93.8;4;93.8
5;94.12;5;94.12
6;94.54;6;94.54
7;94.92;7;94.92
8;95.23;8;95.23
9;95.28999999999999;9;95.28999999999999
10;95.71;10;95.71
11;95.63000000000001;10;95.71
12;96.00999999999999;12;96.00999999999999
13;95.92;12;96.00999999999999
14;96.13000000000001;14;96.13000000000001
15;96.28;15;96.28
16;96.38;16;96.38
17;96.55;17;96.55
18;96.33;17;96.55
19;96.47;17;96.55
20;96.6;20;96.6
21;96.5;20;96.6
22;96.76;22;96.76
23;96.85000000000001;23;96.85000000000001
24;96.89999999999999;24;96.89999999999999
25;96.91;25;96.91
26;96.83;25;96.91
27;97.07000000000001;27;97.07000000000001
28;96.92;27;97.07000000000001
29;97.1;29;97.1
30;97.09;29;97.1
31;96.97;29;97.1
32;97.07000000000001;29;97.1
33;97.19;33;97.19
34;97.14;33;97.19
