Layers: [784, 700, 500, 10]
Seed: 51
Learning rate: 0.0008
Activation function: sigmoid
Output function: softmax
Epochs: 1000
Inverted: True
Thresholded: False
Threshold_value: 127
Epochs;Accuracy;MAX_Epoch;MAX
1;91.84;1;91.84
2;93.27;2;93.27
3;93.95;3;93.95
4;94.01;4;94.01
5;94.1;5;94.1
6;94.74000000000001;6;94.74000000000001
7;94.37;6;94.74000000000001
8;94.48;6;94.74000000000001
9;94.74000000000001;6;94.74000000000001
10;94.82000000000001;10;94.82000000000001
11;94.28999999999999;10;94.82000000000001
12;94.19;10;94.82000000000001
13;94.13;10;94.82000000000001
14;93.63;10;94.82000000000001
15;94.66;10;94.82000000000001
16;94.74000000000001;10;94.82000000000001
17;94.52000000000001;10;94.82000000000001
18;94.47;10;94.82000000000001
19;94.46;10;94.82000000000001
20;93.56;10;94.82000000000001
21;94.45;10;94.82000000000001
22;93.95;10;94.82000000000001
23;94.44;10;94.82000000000001
24;93.88;10;94.82000000000001
25;94.37;10;94.82000000000001
26;94.21000000000001;10;94.82000000000001
27;94.33;10;94.82000000000001
28;94.41000000000001;10;94.82000000000001
29;94.12;10;94.82000000000001
30;93.83;10;94.82000000000001
31;94.08;10;94.82000000000001
32;94.69999999999999;10;94.82000000000001
33;94.27;10;94.82000000000001
34;94.51;10;94.82000000000001
35;94.63000000000001;10;94.82000000000001
36;93.67999999999999;10;94.82000000000001
37;93.88;10;94.82000000000001
38;94.43;10;94.82000000000001
