Layers: [784, 700, 500, 10]
Seed: 1231
Learning rate: 0.0045
Activation function: sigmoid
Output function: softmax
Epochs: 1000
Inverted: True
Thresholded: False
Threshold_value: 127
Epochs;Accuracy;MAX_Epoch;MAX
1;84.06;1;84.06
2;82.89999999999999;1;84.06
3;82.37;1;84.06
4;83.36;1;84.06
5;86.11999999999999;5;86.11999999999999
6;86.89;6;86.89
7;86.94;7;86.94
8;87.96000000000001;8;87.96000000000001
9;85.52;8;87.96000000000001
10;86.53999999999999;8;87.96000000000001
11;85.92999999999999;8;87.96000000000001
12;86.98;8;87.96000000000001
13;87.68;8;87.96000000000001
14;87.67;8;87.96000000000001
15;87.42999999999999;8;87.96000000000001
16;88.25;16;88.25
17;90.06;17;90.06
18;89.45;17;90.06
19;88.94;17;90.06
20;89.08;17;90.06
21;90.29;21;90.29
22;89.64;21;90.29
23;89.84;21;90.29
24;89.88000000000001;21;90.29
25;90.85;25;90.85
26;90.23;25;90.85
27;90.96;27;90.96
28;89.3;27;90.96
29;91.3;29;91.3
30;90.98;29;91.3
31;90.38000000000001;29;91.3
32;90.4;29;91.3
33;91.22;29;91.3
34;90.85;29;91.3
35;91.21000000000001;29;91.3
36;90.57;29;91.3
37;91.60000000000001;37;91.60000000000001
38;90.64;37;91.60000000000001
39;91.31;37;91.60000000000001
40;91.25;37;91.60000000000001
41;91.61;41;91.61
42;91.2;41;91.61
43;91.03999999999999;41;91.61
44;91.89;44;91.89
45;92.4;45;92.4
46;91.86;45;92.4
47;92.07;45;92.4
48;91.99000000000001;45;92.4
49;91.24;45;92.4
50;91.27;45;92.4
51;92.21000000000001;45;92.4
52;92.19000000000001;45;92.4
53;91.74;45;92.4
54;91.88;45;92.4
55;91.49000000000001;45;92.4
56;92.04;45;92.4
57;91.07;45;92.4
58;91.67999999999999;45;92.4
59;91.92;45;92.4
60;91.89;45;92.4
61;92.15;45;92.4
62;91.66;45;92.4
63;91.66;45;92.4
64;91.5;45;92.4
65;91.83;45;92.4
66;91.79;45;92.4
67;92.23;45;92.4
68;92.15;45;92.4
69;91.51;45;92.4
70;91.77;45;92.4
71;91.33;45;92.4
72;92.07;45;92.4
73;91.74;45;92.4
74;91.86;45;92.4
