Layers: [784, 700, 500, 10]
Seed: 1231
Learning rate: 0.0003
Activation function: sigmoid
Output function: softmax
Epochs: 1000
Inverted: True
Thresholded: False
Threshold_value: 127
Epochs;Accuracy;MAX_Epoch;MAX
1;89.33;1;89.33
2;91.81;2;91.81
3;92.78999999999999;3;92.78999999999999
4;93.97;4;93.97
5;94.28;5;94.28
6;94.71000000000001;6;94.71000000000001
7;95.1;7;95.1
8;95.5;8;95.5
9;95.41;8;95.5
10;95.74000000000001;10;95.74000000000001
11;95.78;11;95.78
12;96.19;12;96.19
13;96.31;13;96.31
14;96.39;14;96.39
15;96.45;15;96.45
16;96.45;15;96.45
17;96.61999999999999;17;96.61999999999999
18;96.74000000000001;18;96.74000000000001
19;96.73;18;96.74000000000001
20;96.85000000000001;20;96.85000000000001
21;96.91;21;96.91
22;96.83;21;96.91
23;96.89;21;96.91
24;97.09;24;97.09
25;97.06;24;97.09
26;97.18;26;97.18
27;97.28999999999999;27;97.28999999999999
28;97.19;27;97.28999999999999
29;97.05;27;97.28999999999999
30;97.09;27;97.28999999999999
31;97.25;27;97.28999999999999
32;97.3;32;97.3
33;97.42;33;97.42
34;97.3;33;97.42
35;97.06;33;97.42
36;97.39999999999999;33;97.42
37;97.19;33;97.42
38;97.26;33;97.42
39;97.26;33;97.42
40;97.36;33;97.42
41;97.19;33;97.42
42;97.49;42;97.49
43;97.28999999999999;42;97.49
44;97.46000000000001;42;97.49
45;97.32;42;97.49
46;97.28;42;97.49
47;97.28999999999999;42;97.49
48;97.53;48;97.53
49;97.53;48;97.53
50;97.33000000000001;48;97.53
51;97.26;48;97.53
52;97.38;48;97.53
53;97.47;48;97.53
54;97.58;54;97.58
55;97.37;54;97.58
56;97.61999999999999;56;97.61999999999999
57;97.61;56;97.61999999999999
58;97.45;56;97.61999999999999
59;97.58;56;97.61999999999999
60;97.31;56;97.61999999999999
61;97.63;61;97.63
62;97.50999999999999;61;97.63
63;97.57000000000001;61;97.63
64;97.47;61;97.63
65;97.56;61;97.63
66;97.59;61;97.63
67;97.38;61;97.63
68;97.43;61;97.63
69;97.50999999999999;61;97.63
70;97.71;70;97.71
71;97.6;70;97.71
72;97.59;70;97.71
73;97.65;70;97.71
74;97.61999999999999;70;97.71
75;97.58;70;97.71
76;97.47;70;97.71
77;97.46000000000001;70;97.71
78;97.55;70;97.71
79;97.57000000000001;70;97.71
80;97.54;70;97.71
81;97.54;70;97.71
82;97.71;70;97.71
83;97.58;70;97.71
84;97.42;70;97.71
85;97.65;70;97.71
86;97.6;70;97.71
87;97.39;70;97.71
88;97.31;70;97.71
89;97.5;70;97.71
90;97.59;70;97.71
91;97.64;70;97.71
92;97.58;70;97.71
93;97.5;70;97.71
94;97.46000000000001;70;97.71
95;97.49;70;97.71
96;97.61;70;97.71
97;97.49;70;97.71
98;97.54;70;97.71
99;97.71;70;97.71
100;97.67;70;97.71
101;97.53;70;97.71
102;97.52;70;97.71
