Layers: [784, 700, 500, 10]
Seed: 51
Learning rate: 0.0005
Activation function: sigmoid
Output function: softmax
Epochs: 1000
Inverted: True
Thresholded: False
Threshold_value: 127
Epochs;Accuracy;MAX_Epoch;MAX
1;91.13;1;91.13
2;93.0;2;93.0
3;93.89999999999999;3;93.89999999999999
4;94.28;4;94.28
5;94.67999999999999;5;94.67999999999999
6;94.96;6;94.96
7;95.17;7;95.17
8;95.43;8;95.43
9;95.48;9;95.48
10;95.84;10;95.84
11;95.53;10;95.84
12;95.83;10;95.84
13;95.78;10;95.84
14;95.89;14;95.89
15;95.98;15;95.98
16;96.19;16;96.19
17;96.04;16;96.19
18;96.26;18;96.26
19;96.14;18;96.26
20;96.25;18;96.26
21;96.11;18;96.26
22;96.35000000000001;22;96.35000000000001
23;96.28999999999999;22;96.35000000000001
24;95.81;22;96.35000000000001
25;96.08;22;96.35000000000001
26;96.1;22;96.35000000000001
27;96.06;22;96.35000000000001
28;95.77;22;96.35000000000001
29;95.99;22;96.35000000000001
30;96.14;22;96.35000000000001
31;96.17999999999999;22;96.35000000000001
32;96.47;32;96.47
33;96.14;32;96.47
34;95.87;32;96.47
35;96.15;32;96.47
36;96.00999999999999;32;96.47
37;95.72;32;96.47
38;96.0;32;96.47
39;96.05;32;96.47
