Layers: [784, 700, 500, 10]
Seed: 1231
Learning rate: 0.0005
Activation function: sigmoid
Output function: softmax
Epochs: 1000
Inverted: True
Thresholded: False
Threshold_value: 127
Epochs;Accuracy;MAX_Epoch;MAX
1;90.94;1;90.94
2;92.78;2;92.78
3;93.86;3;93.86
4;94.52000000000001;4;94.52000000000001
5;94.82000000000001;5;94.82000000000001
6;95.16;6;95.16
7;95.5;7;95.5
8;95.46;7;95.5
9;95.75;9;95.75
10;95.76;10;95.76
11;96.09;11;96.09
12;96.1;12;96.1
13;95.89;12;96.1
14;96.21;14;96.21
15;96.22;15;96.22
16;96.09;15;96.22
17;96.04;15;96.22
18;96.0;15;96.22
19;96.22;15;96.22
20;96.22;15;96.22
21;96.12;15;96.22
22;96.08;15;96.22
23;96.33;23;96.33
24;96.31;23;96.33
25;96.32;23;96.33
26;96.17999999999999;23;96.33
27;96.19;23;96.33
28;96.35000000000001;28;96.35000000000001
29;95.85000000000001;28;96.35000000000001
30;96.16;28;96.35000000000001
31;96.08;28;96.35000000000001
32;96.26;28;96.35000000000001
33;96.34;28;96.35000000000001
34;96.32;28;96.35000000000001
35;96.31;28;96.35000000000001
36;96.3;28;96.35000000000001
37;96.27;28;96.35000000000001
38;96.17;28;96.35000000000001
39;96.12;28;96.35000000000001
40;96.03;28;96.35000000000001
41;95.92;28;96.35000000000001
42;96.03;28;96.35000000000001
43;95.89999999999999;28;96.35000000000001
44;96.11;28;96.35000000000001
45;95.94;28;96.35000000000001
46;96.05;28;96.35000000000001
47;96.32;28;96.35000000000001
48;96.1;28;96.35000000000001
49;96.22;28;96.35000000000001
50;96.38;50;96.38
51;95.82000000000001;50;96.38
52;95.59;50;96.38
53;96.22;50;96.38
54;96.25;50;96.38
55;95.95;50;96.38
56;95.8;50;96.38
57;95.95;50;96.38
58;96.09;50;96.38
59;96.13000000000001;50;96.38
60;96.3;50;96.38
61;96.17;50;96.38
62;96.41999999999999;62;96.41999999999999
63;96.09;62;96.41999999999999
