Layers: [784, 392, 196, 10]
Seed: 51
Learning rate: 0.0003
Activation function: sigmoid
Output function: softmax
Epochs: 1000
BIAS: False
Inverted: False
Thresholded: False
Threshold_value: 127
Epochs;Accuracy;MAX_Epoch;MAX
1;88.78;1;88.78
2;91.46;2;91.46
3;92.58;3;92.58
4;93.57;4;93.57
5;94.05;5;94.05
6;94.36;6;94.36
7;94.75;7;94.75
8;95.09;8;95.09
9;95.14;9;95.14
10;95.44;10;95.44
11;95.55;11;95.55
12;95.65;12;95.65
13;95.92;13;95.92
14;95.96000000000001;14;95.96000000000001
15;95.91;14;95.96000000000001
16;96.00999999999999;16;96.00999999999999
17;96.16;17;96.16
18;96.14;17;96.16
19;96.33;19;96.33
20;96.46000000000001;20;96.46000000000001
21;96.53;21;96.53
22;96.39999999999999;21;96.53
23;96.64;23;96.64
24;96.50999999999999;23;96.64
25;96.73;25;96.73
26;96.71;25;96.73
27;96.61;25;96.73
28;96.81;28;96.81
29;96.61999999999999;28;96.81
30;96.85000000000001;30;96.85000000000001
31;96.78999999999999;30;96.85000000000001
32;96.69;30;96.85000000000001
33;96.61999999999999;30;96.85000000000001
34;96.93;34;96.93
35;96.95;35;96.95
36;96.72;35;96.95
37;96.69;35;96.95
38;97.02;38;97.02
39;96.76;38;97.02
40;96.98;38;97.02
41;96.91;38;97.02
42;96.84;38;97.02
43;96.98;38;97.02
44;97.19;44;97.19
45;97.05;44;97.19
46;97.11;44;97.19
47;97.17;44;97.19
48;97.39;48;97.39
49;97.09;48;97.39
50;96.95;48;97.39
51;96.98;48;97.39
52;97.02;48;97.39
53;97.04;48;97.39
54;96.84;48;97.39
55;96.93;48;97.39
56;96.61999999999999;48;97.39
57;96.89;48;97.39
58;96.93;48;97.39
59;96.75;48;97.39
60;96.99;48;97.39
61;96.98;48;97.39
62;97.00999999999999;48;97.39
63;97.0;48;97.39
64;96.88;48;97.39
65;96.85000000000001;48;97.39
66;97.06;48;97.39
67;96.88;48;97.39
68;96.76;48;97.39
69;96.93;48;97.39
70;96.77;48;97.39
71;96.84;48;97.39
72;96.93;48;97.39
73;96.61;48;97.39
74;96.91;48;97.39
75;96.66;48;97.39
76;96.7;48;97.39
77;96.89;48;97.39
78;96.58;48;97.39
79;96.92;48;97.39
80;96.73;48;97.39
81;96.87;48;97.39
82;96.7;48;97.39
83;96.61;48;97.39
84;96.97;48;97.39
85;97.03;48;97.39
86;97.00999999999999;48;97.39
87;96.89999999999999;48;97.39
88;96.85000000000001;48;97.39
89;96.98;48;97.39
90;96.93;48;97.39
91;96.84;48;97.39
92;96.97;48;97.39
93;96.69;48;97.39
94;96.69;48;97.39
95;96.82;48;97.39
96;96.77;48;97.39
97;96.81;48;97.39
98;96.92;48;97.39
99;96.88;48;97.39
100;97.07000000000001;48;97.39
101;97.04;48;97.39
102;97.0;48;97.39
103;96.83;48;97.39
104;97.04;48;97.39
105;97.00999999999999;48;97.39
106;97.13000000000001;48;97.39
107;96.89999999999999;48;97.39
108;97.04;48;97.39
109;96.78999999999999;48;97.39
110;96.78;48;97.39
111;96.55;48;97.39
112;96.7;48;97.39
113;96.93;48;97.39
114;96.69;48;97.39
115;96.61999999999999;48;97.39
116;96.55;48;97.39
117;96.89999999999999;48;97.39
118;96.87;48;97.39
119;96.39;48;97.39
120;96.84;48;97.39
121;96.54;48;97.39
122;96.8;48;97.39
123;96.94;48;97.39
124;96.52;48;97.39
125;96.78999999999999;48;97.39
126;96.77;48;97.39
127;96.92;48;97.39
128;96.86;48;97.39
129;96.82;48;97.39
130;96.66;48;97.39
131;96.73;48;97.39
132;96.8;48;97.39
133;97.0;48;97.39
134;96.86;48;97.39
135;96.59;48;97.39
136;96.92;48;97.39
137;96.96000000000001;48;97.39
138;96.64;48;97.39
139;96.77;48;97.39
140;96.93;48;97.39
141;96.8;48;97.39
142;96.86;48;97.39
143;96.86;48;97.39
144;96.76;48;97.39
145;96.78999999999999;48;97.39
146;96.78;48;97.39
147;96.87;48;97.39
148;96.55;48;97.39
149;96.76;48;97.39
150;97.0;48;97.39
151;96.84;48;97.39
152;96.72;48;97.39
153;96.75;48;97.39
154;96.83;48;97.39
155;96.77;48;97.39
156;96.81;48;97.39
157;96.78999999999999;48;97.39
158;96.69;48;97.39
159;96.96000000000001;48;97.39
160;96.88;48;97.39
161;97.07000000000001;48;97.39
162;97.05;48;97.39
163;96.87;48;97.39
164;97.02;48;97.39
165;96.99;48;97.39
166;96.88;48;97.39
167;96.78;48;97.39
168;96.81;48;97.39
169;96.64;48;97.39
170;96.89999999999999;48;97.39
171;96.94;48;97.39
172;96.48;48;97.39
173;96.94;48;97.39
174;96.84;48;97.39
175;96.92;48;97.39
176;96.72;48;97.39
177;96.67999999999999;48;97.39
178;96.69;48;97.39
179;97.03;48;97.39
180;96.78999999999999;48;97.39
181;96.85000000000001;48;97.39
182;97.11;48;97.39
183;96.75;48;97.39
184;97.09;48;97.39
185;96.96000000000001;48;97.39
186;96.88;48;97.39
187;96.89;48;97.39
188;96.76;48;97.39
189;96.78999999999999;48;97.39
190;96.96000000000001;48;97.39
191;96.86;48;97.39
192;96.84;48;97.39
193;96.92;48;97.39
194;97.13000000000001;48;97.39
195;96.89999999999999;48;97.39
196;97.1;48;97.39
197;96.94;48;97.39
198;96.96000000000001;48;97.39
199;96.84;48;97.39
200;97.00999999999999;48;97.39
201;97.03;48;97.39
202;96.73;48;97.39
203;96.96000000000001;48;97.39
