Layers: [784, 512, 128, 10]
Seed: 1231
Learning rate: 0.001
Activation function: sigmoid
Output function: softmax
Epochs: 40
Inverted: False
Thresholded: False
Threshold_value: 127
Part of dataset: 200
Epochs;Accuracy
1;20.0
2;28.000000000000004
3;34.0
4;40.0
5;46.0
6;60.0
7;57.99999999999999
8;62.0
9;62.0
10;68.0
11;66.0
12;64.0
13;68.0
14;66.0
15;70.0
16;72.0
17;70.0
18;68.0
19;74.0
20;76.0
21;74.0
22;74.0
23;74.0
24;74.0
25;74.0
26;72.0
27;72.0
28;78.0
29;78.0
30;76.0
31;78.0
32;80.0
33;80.0
34;78.0
35;78.0
36;80.0
37;80.0
38;78.0
39;78.0
40;78.0
