Layers: [784, 700, 500, 10]
Seed: 1231
Learning rate: 0.0001
Activation function: sigmoid
Output function: softmax
Epochs: 300
Inverted: False
Thresholded: False
Threshold_value: 127
Part of dataset: 100
Epochs;Accuracy
1;17.0
2;17.0
3;16.0
4;16.0
5;16.0
6;16.0
7;20.0
8;20.0
9;22.0
10;24.0
11;26.0
12;27.0
13;34.0
14;38.0
15;40.0
16;41.0
17;44.0
18;48.0
19;51.0
20;52.0
21;54.0
22;55.00000000000001
23;56.00000000000001
24;56.99999999999999
25;57.99999999999999
26;59.0
27;59.0
28;60.0
29;59.0
30;59.0
31;60.0
32;60.0
33;61.0
34;61.0
35;61.0
36;61.0
37;62.0
38;62.0
39;64.0
40;65.0
41;67.0
42;67.0
43;68.0
44;68.0
45;68.0
46;68.0
47;69.0
48;68.0
49;68.0
50;68.0
51;68.0
52;68.0
53;68.0
54;69.0
55;69.0
56;70.0
57;70.0
58;71.0
59;71.0
60;71.0
61;71.0
62;72.0
63;72.0
64;72.0
65;72.0
66;72.0
67;73.0
68;73.0
69;73.0
70;73.0
71;73.0
72;73.0
73;73.0
74;73.0
75;73.0
76;74.0
77;75.0
78;75.0
79;75.0
80;76.0
81;76.0
82;76.0
83;76.0
84;76.0
85;76.0
86;76.0
87;76.0
88;76.0
89;76.0
90;76.0
91;76.0
92;77.0
93;77.0
94;78.0
95;78.0
96;78.0
97;78.0
98;78.0
99;78.0
100;78.0
101;78.0
102;78.0
103;78.0
104;78.0
105;78.0
106;78.0
107;78.0
108;78.0
109;78.0
110;78.0
111;78.0
112;78.0
113;78.0
114;78.0
115;78.0
116;78.0
117;78.0
118;78.0
119;78.0
120;78.0
121;78.0
122;78.0
123;78.0
124;78.0
125;78.0
126;78.0
127;78.0
128;78.0
129;78.0
130;78.0
131;78.0
132;78.0
133;78.0
134;78.0
135;77.0
136;77.0
137;77.0
138;76.0
139;76.0
140;76.0
141;76.0
142;76.0
143;76.0
144;76.0
145;76.0
146;76.0
147;77.0
148;77.0
149;77.0
150;77.0
151;77.0
152;77.0
153;77.0
154;77.0
155;77.0
156;77.0
157;77.0
158;77.0
159;77.0
160;77.0
161;77.0
162;77.0
163;77.0
164;77.0
165;77.0
166;77.0
167;77.0
168;77.0
169;77.0
170;77.0
171;77.0
172;77.0
173;77.0
174;77.0
175;78.0
176;78.0
177;78.0
178;78.0
179;78.0
180;78.0
181;78.0
182;78.0
183;77.0
184;78.0
185;78.0
186;78.0
187;77.0
188;77.0
189;76.0
190;77.0
191;77.0
192;77.0
193;78.0
194;78.0
195;78.0
196;78.0
197;79.0
198;79.0
199;79.0
200;79.0
201;79.0
202;79.0
203;79.0
204;79.0
205;79.0
206;79.0
207;79.0
208;79.0
209;79.0
210;79.0
211;79.0
212;79.0
213;79.0
214;79.0
215;79.0
216;79.0
217;79.0
218;79.0
219;80.0
220;80.0
221;80.0
222;79.0
223;79.0
224;79.0
225;79.0
226;79.0
227;79.0
228;79.0
229;79.0
230;79.0
231;80.0
232;80.0
233;80.0
234;80.0
235;80.0
236;80.0
237;80.0
238;80.0
239;80.0
240;80.0
241;80.0
242;80.0
243;80.0
244;80.0
245;80.0
246;80.0
247;80.0
248;80.0
249;80.0
250;80.0
251;80.0
252;80.0
253;80.0
254;80.0
255;80.0
256;81.0
257;81.0
258;81.0
259;81.0
260;80.0
261;80.0
262;80.0
263;81.0
264;81.0
265;81.0
266;81.0
267;81.0
268;81.0
269;81.0
270;81.0
271;81.0
272;81.0
273;81.0
274;81.0
275;81.0
276;81.0
277;81.0
278;81.0
279;81.0
280;81.0
281;80.0
282;80.0
283;80.0
284;81.0
285;81.0
286;81.0
287;81.0
288;81.0
289;81.0
290;81.0
291;81.0
292;80.0
293;80.0
294;80.0
295;80.0
296;80.0
297;80.0
298;80.0
299;80.0
300;80.0
