Layers: [784, 700, 500, 10]
Seed: 115
Learning rate: 0.0075
Activation function: sigmoid
Output function: softmax
Epochs: 20
Inverted: False
Thresholded: False
Threshold_value: 127
Part of dataset: 100
Epochs;Accuracy;MAX_Epoch;MAX
1;28.999999999999996;1;28.999999999999996
2;45.0;2;45.0
3;57.99999999999999;3;57.99999999999999
4;62.0;4;62.0
5;62.0;4;62.0
6;65.0;6;65.0
7;68.0;7;68.0
8;67.0;7;68.0
9;64.0;7;68.0
10;70.0;10;70.0
11;69.0;10;70.0
12;61.0;10;70.0
13;67.0;10;70.0
14;67.0;10;70.0
15;66.0;10;70.0
16;65.0;10;70.0
17;68.0;10;70.0
18;68.0;10;70.0
19;66.0;10;70.0
20;65.0;10;70.0
