Layers: [784, 700, 500, 10]
Seed: 1231
Learning rate: 0.001
Activation function: sigmoid
Output function: softmax
Epochs: 1000
Inverted: True
Thresholded: False
Threshold_value: 127
Part of dataset: 100
Epochs;Accuracy;MAX_Epoch;MAX
1;38.0;1;38.0
2;46.0;2;46.0
3;54.0;3;54.0
4;60.0;4;60.0
5;65.0;5;65.0
6;71.0;6;71.0
7;76.0;7;76.0
8;78.0;8;78.0
9;80.0;9;80.0
10;79.0;9;80.0
11;82.0;11;82.0
12;83.0;12;83.0
13;85.0;13;85.0
14;83.0;13;85.0
15;84.0;13;85.0
16;84.0;13;85.0
17;84.0;13;85.0
18;84.0;13;85.0
19;86.0;19;86.0
20;86.0;19;86.0
21;87.0;21;87.0
22;86.0;21;87.0
23;86.0;21;87.0
24;86.0;21;87.0
25;86.0;21;87.0
26;86.0;21;87.0
27;86.0;21;87.0
28;85.0;21;87.0
29;86.0;21;87.0
30;86.0;21;87.0
31;86.0;21;87.0
32;86.0;21;87.0
33;87.0;21;87.0
34;86.0;21;87.0
35;87.0;21;87.0
36;86.0;21;87.0
37;87.0;21;87.0
38;87.0;21;87.0
39;87.0;21;87.0
40;87.0;21;87.0
41;87.0;21;87.0
42;87.0;21;87.0
43;87.0;21;87.0
44;87.0;21;87.0
45;87.0;21;87.0
46;87.0;21;87.0
47;87.0;21;87.0
48;87.0;21;87.0
49;87.0;21;87.0
50;87.0;21;87.0
51;87.0;21;87.0
52;87.0;21;87.0
53;87.0;21;87.0
54;87.0;21;87.0
55;88.0;55;88.0
56;88.0;55;88.0
57;88.0;55;88.0
58;88.0;55;88.0
59;88.0;55;88.0
60;88.0;55;88.0
61;88.0;55;88.0
62;88.0;55;88.0
63;88.0;55;88.0
64;88.0;55;88.0
65;88.0;55;88.0
66;88.0;55;88.0
67;87.0;55;88.0
68;87.0;55;88.0
69;87.0;55;88.0
70;87.0;55;88.0
71;87.0;55;88.0
72;87.0;55;88.0
73;87.0;55;88.0
74;87.0;55;88.0
75;87.0;55;88.0
76;87.0;55;88.0
77;87.0;55;88.0
78;87.0;55;88.0
79;87.0;55;88.0
80;87.0;55;88.0
81;87.0;55;88.0
82;87.0;55;88.0
83;87.0;55;88.0
84;87.0;55;88.0
85;87.0;55;88.0
86;87.0;55;88.0
87;87.0;55;88.0
88;87.0;55;88.0
89;87.0;55;88.0
90;87.0;55;88.0
91;87.0;55;88.0
92;87.0;55;88.0
93;87.0;55;88.0
94;87.0;55;88.0
95;87.0;55;88.0
96;87.0;55;88.0
97;87.0;55;88.0
98;87.0;55;88.0
99;87.0;55;88.0
100;87.0;55;88.0
101;87.0;55;88.0
102;87.0;55;88.0
103;87.0;55;88.0
104;87.0;55;88.0
105;87.0;55;88.0
106;87.0;55;88.0
107;87.0;55;88.0
108;87.0;55;88.0
109;87.0;55;88.0
110;87.0;55;88.0
111;87.0;55;88.0
112;87.0;55;88.0
113;87.0;55;88.0
114;87.0;55;88.0
115;87.0;55;88.0
116;87.0;55;88.0
117;87.0;55;88.0
118;87.0;55;88.0
119;87.0;55;88.0
120;87.0;55;88.0
121;87.0;55;88.0
122;87.0;55;88.0
123;87.0;55;88.0
124;87.0;55;88.0
125;87.0;55;88.0
126;87.0;55;88.0
127;87.0;55;88.0
128;87.0;55;88.0
129;87.0;55;88.0
130;87.0;55;88.0
131;87.0;55;88.0
132;87.0;55;88.0
133;87.0;55;88.0
134;87.0;55;88.0
135;87.0;55;88.0
136;87.0;55;88.0
137;87.0;55;88.0
138;87.0;55;88.0
139;87.0;55;88.0
140;87.0;55;88.0
141;87.0;55;88.0
142;87.0;55;88.0
143;87.0;55;88.0
144;87.0;55;88.0
145;87.0;55;88.0
146;87.0;55;88.0
147;87.0;55;88.0
148;87.0;55;88.0
149;87.0;55;88.0
150;87.0;55;88.0
151;87.0;55;88.0
152;87.0;55;88.0
153;87.0;55;88.0
154;87.0;55;88.0
155;87.0;55;88.0
156;87.0;55;88.0
157;87.0;55;88.0
158;87.0;55;88.0
159;87.0;55;88.0
160;87.0;55;88.0
161;87.0;55;88.0
162;87.0;55;88.0
163;87.0;55;88.0
164;87.0;55;88.0
165;87.0;55;88.0
166;87.0;55;88.0
167;87.0;55;88.0
168;87.0;55;88.0
169;87.0;55;88.0
170;87.0;55;88.0
171;87.0;55;88.0
172;87.0;55;88.0
173;87.0;55;88.0
174;87.0;55;88.0
175;87.0;55;88.0
176;87.0;55;88.0
177;87.0;55;88.0
178;87.0;55;88.0
179;87.0;55;88.0
180;87.0;55;88.0
181;87.0;55;88.0
182;87.0;55;88.0
183;87.0;55;88.0
184;87.0;55;88.0
185;87.0;55;88.0
186;87.0;55;88.0
187;87.0;55;88.0
188;87.0;55;88.0
189;87.0;55;88.0
190;87.0;55;88.0
191;87.0;55;88.0
192;87.0;55;88.0
193;87.0;55;88.0
194;87.0;55;88.0
195;87.0;55;88.0
196;87.0;55;88.0
197;87.0;55;88.0
198;87.0;55;88.0
199;87.0;55;88.0
200;87.0;55;88.0
201;87.0;55;88.0
202;87.0;55;88.0
203;87.0;55;88.0
204;87.0;55;88.0
205;87.0;55;88.0
206;87.0;55;88.0
207;87.0;55;88.0
208;87.0;55;88.0
209;87.0;55;88.0
210;87.0;55;88.0
211;87.0;55;88.0
212;87.0;55;88.0
213;87.0;55;88.0
214;87.0;55;88.0
215;87.0;55;88.0
216;87.0;55;88.0
217;87.0;55;88.0
218;87.0;55;88.0
219;87.0;55;88.0
220;87.0;55;88.0
221;87.0;55;88.0
222;87.0;55;88.0
223;87.0;55;88.0
224;87.0;55;88.0
225;87.0;55;88.0
226;87.0;55;88.0
227;87.0;55;88.0
228;87.0;55;88.0
229;87.0;55;88.0
230;87.0;55;88.0
231;87.0;55;88.0
232;87.0;55;88.0
233;87.0;55;88.0
234;87.0;55;88.0
235;87.0;55;88.0
236;87.0;55;88.0
237;87.0;55;88.0
238;87.0;55;88.0
239;87.0;55;88.0
240;87.0;55;88.0
241;87.0;55;88.0
242;87.0;55;88.0
243;87.0;55;88.0
244;87.0;55;88.0
245;87.0;55;88.0
246;87.0;55;88.0
247;87.0;55;88.0
248;87.0;55;88.0
249;87.0;55;88.0
250;87.0;55;88.0
251;87.0;55;88.0
252;87.0;55;88.0
253;87.0;55;88.0
254;87.0;55;88.0
255;87.0;55;88.0
256;87.0;55;88.0
257;87.0;55;88.0
258;87.0;55;88.0
259;87.0;55;88.0
260;87.0;55;88.0
261;87.0;55;88.0
262;87.0;55;88.0
263;87.0;55;88.0
264;87.0;55;88.0
265;87.0;55;88.0
266;87.0;55;88.0
267;87.0;55;88.0
268;87.0;55;88.0
269;87.0;55;88.0
270;87.0;55;88.0
271;87.0;55;88.0
272;87.0;55;88.0
273;87.0;55;88.0
274;87.0;55;88.0
275;87.0;55;88.0
276;87.0;55;88.0
277;87.0;55;88.0
278;87.0;55;88.0
279;87.0;55;88.0
280;87.0;55;88.0
281;87.0;55;88.0
282;87.0;55;88.0
283;87.0;55;88.0
284;87.0;55;88.0
285;87.0;55;88.0
286;87.0;55;88.0
287;87.0;55;88.0
288;87.0;55;88.0
289;87.0;55;88.0
290;87.0;55;88.0
291;87.0;55;88.0
292;87.0;55;88.0
293;87.0;55;88.0
294;87.0;55;88.0
295;87.0;55;88.0
296;87.0;55;88.0
297;87.0;55;88.0
298;87.0;55;88.0
299;87.0;55;88.0
300;87.0;55;88.0
301;87.0;55;88.0
302;87.0;55;88.0
303;87.0;55;88.0
304;87.0;55;88.0
305;87.0;55;88.0
306;87.0;55;88.0
307;87.0;55;88.0
308;87.0;55;88.0
309;87.0;55;88.0
310;87.0;55;88.0
311;87.0;55;88.0
312;87.0;55;88.0
313;87.0;55;88.0
314;87.0;55;88.0
315;87.0;55;88.0
316;87.0;55;88.0
317;87.0;55;88.0
318;87.0;55;88.0
319;87.0;55;88.0
320;87.0;55;88.0
321;87.0;55;88.0
322;87.0;55;88.0
323;87.0;55;88.0
324;87.0;55;88.0
325;87.0;55;88.0
326;87.0;55;88.0
327;87.0;55;88.0
328;87.0;55;88.0
329;87.0;55;88.0
330;87.0;55;88.0
331;87.0;55;88.0
332;87.0;55;88.0
333;87.0;55;88.0
334;87.0;55;88.0
335;87.0;55;88.0
336;87.0;55;88.0
337;87.0;55;88.0
338;87.0;55;88.0
339;87.0;55;88.0
340;87.0;55;88.0
341;87.0;55;88.0
342;87.0;55;88.0
343;87.0;55;88.0
344;87.0;55;88.0
345;87.0;55;88.0
346;87.0;55;88.0
347;87.0;55;88.0
348;87.0;55;88.0
349;87.0;55;88.0
350;87.0;55;88.0
351;87.0;55;88.0
352;87.0;55;88.0
353;87.0;55;88.0
354;87.0;55;88.0
355;87.0;55;88.0
356;87.0;55;88.0
357;87.0;55;88.0
358;87.0;55;88.0
359;87.0;55;88.0
360;87.0;55;88.0
361;87.0;55;88.0
362;87.0;55;88.0
363;87.0;55;88.0
364;87.0;55;88.0
365;87.0;55;88.0
366;87.0;55;88.0
367;87.0;55;88.0
368;87.0;55;88.0
369;87.0;55;88.0
370;87.0;55;88.0
371;87.0;55;88.0
372;87.0;55;88.0
373;87.0;55;88.0
374;87.0;55;88.0
375;87.0;55;88.0
376;87.0;55;88.0
377;87.0;55;88.0
378;87.0;55;88.0
379;87.0;55;88.0
380;87.0;55;88.0
381;87.0;55;88.0
382;87.0;55;88.0
383;87.0;55;88.0
384;87.0;55;88.0
385;87.0;55;88.0
386;87.0;55;88.0
387;87.0;55;88.0
388;87.0;55;88.0
389;87.0;55;88.0
390;87.0;55;88.0
391;87.0;55;88.0
392;87.0;55;88.0
393;87.0;55;88.0
394;87.0;55;88.0
395;87.0;55;88.0
396;87.0;55;88.0
397;87.0;55;88.0
398;87.0;55;88.0
399;87.0;55;88.0
400;87.0;55;88.0
401;87.0;55;88.0
402;87.0;55;88.0
403;87.0;55;88.0
404;87.0;55;88.0
405;87.0;55;88.0
406;87.0;55;88.0
407;87.0;55;88.0
408;87.0;55;88.0
409;87.0;55;88.0
410;87.0;55;88.0
411;87.0;55;88.0
412;87.0;55;88.0
413;87.0;55;88.0
414;87.0;55;88.0
415;87.0;55;88.0
416;87.0;55;88.0
417;87.0;55;88.0
418;87.0;55;88.0
419;87.0;55;88.0
420;87.0;55;88.0
421;87.0;55;88.0
422;87.0;55;88.0
423;87.0;55;88.0
424;87.0;55;88.0
425;87.0;55;88.0
426;87.0;55;88.0
427;87.0;55;88.0
428;87.0;55;88.0
429;87.0;55;88.0
430;87.0;55;88.0
431;87.0;55;88.0
432;87.0;55;88.0
433;87.0;55;88.0
434;87.0;55;88.0
435;87.0;55;88.0
436;87.0;55;88.0
437;87.0;55;88.0
438;87.0;55;88.0
439;87.0;55;88.0
440;87.0;55;88.0
441;87.0;55;88.0
442;87.0;55;88.0
443;87.0;55;88.0
444;87.0;55;88.0
445;87.0;55;88.0
446;87.0;55;88.0
447;87.0;55;88.0
448;87.0;55;88.0
449;87.0;55;88.0
450;87.0;55;88.0
451;87.0;55;88.0
452;87.0;55;88.0
453;87.0;55;88.0
454;87.0;55;88.0
455;87.0;55;88.0
456;87.0;55;88.0
457;87.0;55;88.0
458;87.0;55;88.0
459;87.0;55;88.0
460;87.0;55;88.0
461;87.0;55;88.0
462;87.0;55;88.0
463;87.0;55;88.0
464;87.0;55;88.0
465;87.0;55;88.0
466;87.0;55;88.0
467;87.0;55;88.0
468;87.0;55;88.0
469;87.0;55;88.0
470;87.0;55;88.0
471;87.0;55;88.0
472;87.0;55;88.0
473;87.0;55;88.0
474;87.0;55;88.0
475;87.0;55;88.0
476;87.0;55;88.0
477;87.0;55;88.0
478;87.0;55;88.0
479;87.0;55;88.0
480;87.0;55;88.0
481;87.0;55;88.0
482;87.0;55;88.0
483;87.0;55;88.0
484;87.0;55;88.0
485;87.0;55;88.0
486;87.0;55;88.0
487;87.0;55;88.0
488;87.0;55;88.0
489;87.0;55;88.0
490;87.0;55;88.0
491;87.0;55;88.0
492;87.0;55;88.0
493;87.0;55;88.0
494;87.0;55;88.0
495;87.0;55;88.0
496;87.0;55;88.0
497;87.0;55;88.0
498;87.0;55;88.0
499;87.0;55;88.0
500;87.0;55;88.0
501;87.0;55;88.0
502;87.0;55;88.0
503;87.0;55;88.0
504;87.0;55;88.0
505;87.0;55;88.0
506;87.0;55;88.0
507;87.0;55;88.0
508;87.0;55;88.0
509;87.0;55;88.0
510;87.0;55;88.0
511;87.0;55;88.0
512;87.0;55;88.0
513;87.0;55;88.0
514;87.0;55;88.0
515;87.0;55;88.0
516;87.0;55;88.0
517;87.0;55;88.0
518;87.0;55;88.0
519;87.0;55;88.0
520;87.0;55;88.0
521;87.0;55;88.0
522;87.0;55;88.0
523;87.0;55;88.0
524;87.0;55;88.0
525;87.0;55;88.0
526;87.0;55;88.0
527;87.0;55;88.0
528;87.0;55;88.0
529;87.0;55;88.0
530;87.0;55;88.0
531;87.0;55;88.0
532;87.0;55;88.0
533;87.0;55;88.0
534;87.0;55;88.0
535;87.0;55;88.0
536;87.0;55;88.0
537;87.0;55;88.0
538;87.0;55;88.0
539;87.0;55;88.0
540;87.0;55;88.0
541;87.0;55;88.0
542;87.0;55;88.0
543;87.0;55;88.0
544;87.0;55;88.0
545;87.0;55;88.0
546;87.0;55;88.0
547;87.0;55;88.0
548;87.0;55;88.0
549;87.0;55;88.0
550;87.0;55;88.0
551;87.0;55;88.0
552;87.0;55;88.0
553;87.0;55;88.0
554;87.0;55;88.0
555;87.0;55;88.0
556;87.0;55;88.0
557;87.0;55;88.0
558;87.0;55;88.0
559;87.0;55;88.0
560;87.0;55;88.0
561;87.0;55;88.0
562;87.0;55;88.0
563;87.0;55;88.0
564;87.0;55;88.0
565;87.0;55;88.0
566;87.0;55;88.0
567;87.0;55;88.0
568;87.0;55;88.0
569;87.0;55;88.0
570;87.0;55;88.0
571;87.0;55;88.0
572;87.0;55;88.0
573;87.0;55;88.0
574;87.0;55;88.0
575;87.0;55;88.0
576;87.0;55;88.0
577;87.0;55;88.0
578;87.0;55;88.0
579;87.0;55;88.0
580;87.0;55;88.0
581;87.0;55;88.0
582;87.0;55;88.0
583;87.0;55;88.0
584;87.0;55;88.0
585;87.0;55;88.0
586;87.0;55;88.0
587;87.0;55;88.0
588;87.0;55;88.0
589;87.0;55;88.0
590;87.0;55;88.0
591;87.0;55;88.0
592;87.0;55;88.0
593;87.0;55;88.0
594;87.0;55;88.0
595;87.0;55;88.0
596;87.0;55;88.0
597;87.0;55;88.0
598;87.0;55;88.0
599;87.0;55;88.0
600;87.0;55;88.0
601;87.0;55;88.0
602;87.0;55;88.0
603;87.0;55;88.0
604;87.0;55;88.0
605;87.0;55;88.0
606;87.0;55;88.0
607;87.0;55;88.0
608;87.0;55;88.0
609;87.0;55;88.0
610;87.0;55;88.0
611;87.0;55;88.0
612;87.0;55;88.0
613;87.0;55;88.0
614;87.0;55;88.0
615;87.0;55;88.0
616;87.0;55;88.0
617;87.0;55;88.0
618;87.0;55;88.0
619;87.0;55;88.0
620;87.0;55;88.0
621;87.0;55;88.0
622;87.0;55;88.0
623;87.0;55;88.0
624;87.0;55;88.0
625;87.0;55;88.0
626;87.0;55;88.0
627;87.0;55;88.0
628;87.0;55;88.0
629;87.0;55;88.0
630;87.0;55;88.0
631;87.0;55;88.0
632;87.0;55;88.0
633;87.0;55;88.0
634;87.0;55;88.0
635;87.0;55;88.0
636;87.0;55;88.0
637;87.0;55;88.0
638;87.0;55;88.0
639;87.0;55;88.0
640;87.0;55;88.0
641;87.0;55;88.0
642;86.0;55;88.0
643;86.0;55;88.0
644;86.0;55;88.0
645;86.0;55;88.0
646;86.0;55;88.0
647;86.0;55;88.0
648;86.0;55;88.0
649;86.0;55;88.0
650;86.0;55;88.0
651;86.0;55;88.0
652;86.0;55;88.0
653;86.0;55;88.0
654;86.0;55;88.0
655;86.0;55;88.0
656;86.0;55;88.0
657;86.0;55;88.0
658;86.0;55;88.0
659;86.0;55;88.0
660;86.0;55;88.0
661;86.0;55;88.0
662;86.0;55;88.0
663;86.0;55;88.0
664;86.0;55;88.0
665;86.0;55;88.0
666;86.0;55;88.0
667;86.0;55;88.0
668;86.0;55;88.0
669;86.0;55;88.0
670;86.0;55;88.0
671;86.0;55;88.0
672;86.0;55;88.0
673;86.0;55;88.0
674;86.0;55;88.0
675;86.0;55;88.0
676;86.0;55;88.0
677;86.0;55;88.0
678;86.0;55;88.0
679;86.0;55;88.0
680;86.0;55;88.0
681;86.0;55;88.0
682;86.0;55;88.0
683;86.0;55;88.0
684;86.0;55;88.0
685;86.0;55;88.0
686;86.0;55;88.0
687;86.0;55;88.0
688;86.0;55;88.0
689;86.0;55;88.0
690;86.0;55;88.0
691;86.0;55;88.0
692;86.0;55;88.0
693;86.0;55;88.0
694;86.0;55;88.0
695;86.0;55;88.0
696;86.0;55;88.0
697;86.0;55;88.0
698;86.0;55;88.0
699;86.0;55;88.0
700;86.0;55;88.0
701;86.0;55;88.0
702;86.0;55;88.0
703;86.0;55;88.0
704;86.0;55;88.0
705;86.0;55;88.0
706;86.0;55;88.0
707;86.0;55;88.0
708;86.0;55;88.0
709;86.0;55;88.0
710;86.0;55;88.0
711;86.0;55;88.0
712;86.0;55;88.0
713;86.0;55;88.0
714;86.0;55;88.0
715;86.0;55;88.0
716;86.0;55;88.0
717;86.0;55;88.0
718;86.0;55;88.0
719;86.0;55;88.0
720;86.0;55;88.0
721;86.0;55;88.0
722;86.0;55;88.0
723;86.0;55;88.0
724;86.0;55;88.0
725;86.0;55;88.0
726;86.0;55;88.0
727;86.0;55;88.0
728;86.0;55;88.0
729;86.0;55;88.0
730;87.0;55;88.0
731;87.0;55;88.0
732;87.0;55;88.0
733;87.0;55;88.0
734;87.0;55;88.0
735;87.0;55;88.0
736;87.0;55;88.0
737;87.0;55;88.0
738;87.0;55;88.0
739;87.0;55;88.0
740;87.0;55;88.0
741;87.0;55;88.0
742;87.0;55;88.0
743;87.0;55;88.0
744;87.0;55;88.0
745;87.0;55;88.0
746;87.0;55;88.0
747;87.0;55;88.0
748;87.0;55;88.0
749;87.0;55;88.0
750;87.0;55;88.0
751;87.0;55;88.0
752;87.0;55;88.0
753;87.0;55;88.0
754;87.0;55;88.0
755;87.0;55;88.0
756;87.0;55;88.0
757;87.0;55;88.0
758;87.0;55;88.0
759;87.0;55;88.0
760;87.0;55;88.0
761;87.0;55;88.0
762;87.0;55;88.0
763;87.0;55;88.0
764;87.0;55;88.0
765;87.0;55;88.0
766;87.0;55;88.0
767;87.0;55;88.0
768;87.0;55;88.0
769;87.0;55;88.0
770;87.0;55;88.0
771;87.0;55;88.0
772;87.0;55;88.0
773;87.0;55;88.0
774;87.0;55;88.0
775;87.0;55;88.0
776;87.0;55;88.0
777;87.0;55;88.0
778;87.0;55;88.0
779;87.0;55;88.0
780;87.0;55;88.0
781;87.0;55;88.0
782;87.0;55;88.0
783;87.0;55;88.0
784;87.0;55;88.0
785;87.0;55;88.0
786;87.0;55;88.0
787;87.0;55;88.0
788;87.0;55;88.0
789;87.0;55;88.0
790;87.0;55;88.0
791;87.0;55;88.0
792;87.0;55;88.0
793;87.0;55;88.0
794;87.0;55;88.0
795;87.0;55;88.0
796;87.0;55;88.0
797;87.0;55;88.0
798;87.0;55;88.0
799;87.0;55;88.0
800;87.0;55;88.0
801;87.0;55;88.0
802;87.0;55;88.0
803;87.0;55;88.0
804;87.0;55;88.0
805;87.0;55;88.0
806;87.0;55;88.0
807;87.0;55;88.0
808;87.0;55;88.0
809;87.0;55;88.0
810;87.0;55;88.0
811;87.0;55;88.0
812;87.0;55;88.0
813;87.0;55;88.0
814;87.0;55;88.0
815;87.0;55;88.0
816;87.0;55;88.0
817;87.0;55;88.0
818;87.0;55;88.0
819;87.0;55;88.0
820;87.0;55;88.0
821;87.0;55;88.0
822;87.0;55;88.0
823;87.0;55;88.0
824;87.0;55;88.0
825;87.0;55;88.0
826;87.0;55;88.0
827;87.0;55;88.0
828;87.0;55;88.0
829;87.0;55;88.0
830;87.0;55;88.0
831;87.0;55;88.0
832;87.0;55;88.0
833;87.0;55;88.0
834;87.0;55;88.0
835;87.0;55;88.0
836;87.0;55;88.0
837;87.0;55;88.0
838;87.0;55;88.0
839;87.0;55;88.0
840;87.0;55;88.0
841;87.0;55;88.0
842;87.0;55;88.0
843;87.0;55;88.0
844;87.0;55;88.0
845;87.0;55;88.0
846;87.0;55;88.0
847;87.0;55;88.0
848;87.0;55;88.0
849;87.0;55;88.0
850;87.0;55;88.0
851;87.0;55;88.0
852;87.0;55;88.0
853;87.0;55;88.0
854;87.0;55;88.0
855;87.0;55;88.0
856;87.0;55;88.0
857;87.0;55;88.0
858;87.0;55;88.0
859;87.0;55;88.0
860;87.0;55;88.0
861;87.0;55;88.0
862;87.0;55;88.0
863;87.0;55;88.0
864;87.0;55;88.0
865;87.0;55;88.0
866;87.0;55;88.0
867;87.0;55;88.0
868;87.0;55;88.0
869;87.0;55;88.0
870;87.0;55;88.0
871;87.0;55;88.0
872;87.0;55;88.0
873;87.0;55;88.0
874;87.0;55;88.0
875;87.0;55;88.0
876;87.0;55;88.0
877;87.0;55;88.0
878;87.0;55;88.0
879;87.0;55;88.0
880;87.0;55;88.0
881;87.0;55;88.0
882;87.0;55;88.0
883;87.0;55;88.0
884;87.0;55;88.0
885;87.0;55;88.0
886;87.0;55;88.0
887;87.0;55;88.0
888;87.0;55;88.0
889;87.0;55;88.0
890;87.0;55;88.0
891;87.0;55;88.0
892;87.0;55;88.0
893;87.0;55;88.0
894;87.0;55;88.0
895;87.0;55;88.0
896;87.0;55;88.0
897;87.0;55;88.0
898;87.0;55;88.0
899;87.0;55;88.0
900;87.0;55;88.0
901;87.0;55;88.0
902;87.0;55;88.0
903;87.0;55;88.0
904;87.0;55;88.0
905;87.0;55;88.0
906;87.0;55;88.0
907;87.0;55;88.0
908;87.0;55;88.0
909;87.0;55;88.0
910;87.0;55;88.0
911;87.0;55;88.0
912;87.0;55;88.0
913;87.0;55;88.0
914;87.0;55;88.0
915;87.0;55;88.0
916;87.0;55;88.0
917;87.0;55;88.0
918;87.0;55;88.0
919;87.0;55;88.0
920;87.0;55;88.0
921;87.0;55;88.0
922;87.0;55;88.0
923;87.0;55;88.0
924;87.0;55;88.0
925;87.0;55;88.0
926;87.0;55;88.0
927;87.0;55;88.0
928;87.0;55;88.0
929;87.0;55;88.0
930;87.0;55;88.0
931;87.0;55;88.0
932;87.0;55;88.0
933;86.0;55;88.0
934;86.0;55;88.0
935;86.0;55;88.0
936;86.0;55;88.0
937;86.0;55;88.0
938;86.0;55;88.0
939;86.0;55;88.0
940;86.0;55;88.0
941;86.0;55;88.0
942;86.0;55;88.0
943;86.0;55;88.0
944;86.0;55;88.0
945;86.0;55;88.0
946;86.0;55;88.0
947;86.0;55;88.0
948;86.0;55;88.0
949;86.0;55;88.0
950;86.0;55;88.0
951;86.0;55;88.0
952;86.0;55;88.0
953;86.0;55;88.0
954;86.0;55;88.0
955;86.0;55;88.0
956;86.0;55;88.0
957;86.0;55;88.0
958;86.0;55;88.0
959;86.0;55;88.0
960;86.0;55;88.0
961;86.0;55;88.0
962;86.0;55;88.0
963;86.0;55;88.0
964;86.0;55;88.0
965;86.0;55;88.0
966;86.0;55;88.0
967;86.0;55;88.0
968;86.0;55;88.0
969;86.0;55;88.0
970;86.0;55;88.0
971;86.0;55;88.0
972;86.0;55;88.0
973;86.0;55;88.0
974;86.0;55;88.0
975;86.0;55;88.0
976;86.0;55;88.0
977;86.0;55;88.0
978;86.0;55;88.0
979;86.0;55;88.0
980;86.0;55;88.0
981;86.0;55;88.0
982;86.0;55;88.0
983;86.0;55;88.0
984;86.0;55;88.0
985;86.0;55;88.0
986;86.0;55;88.0
987;86.0;55;88.0
988;86.0;55;88.0
989;86.0;55;88.0
990;86.0;55;88.0
991;86.0;55;88.0
992;86.0;55;88.0
993;86.0;55;88.0
994;86.0;55;88.0
995;86.0;55;88.0
996;86.0;55;88.0
997;86.0;55;88.0
998;86.0;55;88.0
999;86.0;55;88.0
1000;86.0;55;88.0
