Layers: [784, 700, 500, 10]
Seed: 1231
Learning rate: 0.0001
Activation function: tanh
Output function: softmax
Epochs: 300
Inverted: False
Thresholded: False
Threshold_value: 127
Part of dataset: 100
Epochs;Accuracy
1;33.0
2;40.0
3;53.0
4;52.0
5;52.0
6;56.00000000000001
7;56.00000000000001
8;57.99999999999999
9;60.0
10;66.0
11;60.0
12;64.0
13;65.0
14;66.0
15;64.0
16;64.0
17;66.0
18;66.0
19;65.0
20;65.0
21;66.0
22;68.0
23;67.0
24;67.0
25;66.0
26;66.0
27;67.0
28;68.0
29;69.0
30;69.0
31;68.0
32;69.0
33;68.0
34;69.0
35;68.0
36;69.0
37;68.0
38;69.0
39;68.0
40;70.0
41;69.0
42;69.0
43;68.0
44;68.0
45;68.0
46;71.0
47;69.0
48;71.0
49;70.0
50;72.0
51;72.0
52;72.0
53;71.0
54;72.0
55;71.0
56;72.0
57;71.0
58;72.0
59;71.0
60;71.0
61;72.0
62;72.0
63;73.0
64;75.0
65;74.0
66;74.0
67;73.0
68;73.0
69;74.0
70;74.0
71;73.0
72;74.0
73;75.0
74;75.0
75;75.0
76;75.0
77;75.0
78;75.0
79;75.0
80;75.0
81;75.0
82;75.0
83;75.0
84;75.0
85;75.0
86;75.0
87;75.0
88;75.0
89;75.0
90;75.0
91;75.0
92;75.0
93;75.0
94;75.0
95;75.0
96;75.0
97;75.0
98;75.0
99;75.0
100;75.0
101;75.0
102;75.0
103;75.0
104;75.0
105;75.0
106;75.0
107;75.0
108;75.0
109;75.0
110;75.0
111;75.0
112;75.0
113;75.0
114;75.0
115;75.0
116;75.0
117;75.0
118;75.0
119;76.0
120;76.0
121;75.0
122;75.0
123;75.0
124;75.0
125;75.0
126;75.0
127;75.0
128;76.0
129;75.0
130;76.0
131;76.0
132;76.0
133;75.0
134;76.0
135;75.0
136;75.0
137;75.0
138;75.0
139;75.0
140;75.0
141;75.0
142;75.0
143;75.0
144;75.0
145;76.0
146;75.0
147;75.0
148;75.0
149;75.0
150;75.0
151;75.0
152;75.0
153;75.0
154;75.0
155;75.0
156;76.0
157;76.0
158;75.0
159;75.0
160;75.0
161;75.0
162;75.0
163;75.0
164;76.0
165;75.0
166;75.0
167;76.0
168;76.0
169;75.0
170;76.0
171;76.0
172;76.0
173;75.0
174;76.0
175;75.0
176;75.0
177;76.0
178;75.0
179;76.0
180;75.0
181;75.0
182;76.0
183;77.0
184;76.0
185;76.0
186;77.0
187;76.0
188;76.0
189;75.0
190;77.0
191;76.0
192;76.0
193;76.0
194;77.0
195;76.0
196;77.0
197;76.0
198;77.0
199;76.0
200;77.0
201;77.0
202;77.0
203;76.0
204;77.0
205;76.0
206;77.0
207;76.0
208;77.0
209;77.0
210;77.0
211;77.0
212;77.0
213;77.0
214;77.0
215;77.0
216;77.0
217;77.0
218;77.0
219;77.0
220;77.0
221;77.0
222;77.0
223;77.0
224;77.0
225;77.0
226;77.0
227;77.0
228;77.0
229;77.0
230;77.0
231;77.0
232;77.0
233;77.0
234;77.0
235;77.0
236;77.0
237;77.0
238;77.0
239;77.0
240;77.0
241;77.0
242;77.0
243;77.0
244;77.0
245;77.0
246;77.0
247;77.0
248;77.0
249;77.0
250;77.0
251;77.0
252;77.0
253;77.0
254;77.0
255;77.0
256;77.0
257;77.0
258;77.0
259;77.0
260;77.0
261;77.0
262;77.0
263;77.0
264;77.0
265;77.0
266;77.0
267;77.0
268;77.0
269;77.0
270;77.0
271;77.0
272;77.0
273;77.0
274;77.0
275;77.0
276;77.0
277;77.0
278;77.0
279;77.0
280;77.0
281;77.0
282;77.0
283;77.0
284;77.0
285;77.0
286;77.0
287;77.0
288;77.0
289;77.0
290;77.0
291;77.0
292;77.0
293;77.0
294;77.0
295;77.0
296;77.0
297;77.0
298;77.0
299;77.0
300;77.0
