Layers: [784, 700, 500, 10]
Seed: 1231
Learning rate: 0.001
Activation function: sigmoid
Output function: softmax
Epochs: 1000
Inverted: False
Thresholded: False
Threshold_value: 127
Part of dataset: 100
Epochs;Accuracy;MAX_Epoch;MAX
1;38.0;1;38.0
2;46.0;2;46.0
3;54.0;3;54.0
4;60.0;4;60.0
5;65.0;5;65.0
6;71.0;6;71.0
7;76.0;7;76.0
8;78.0;8;78.0
9;80.0;9;80.0
10;79.0;9;80.0
11;82.0;11;82.0
12;83.0;12;83.0
13;85.0;13;85.0
14;83.0;13;85.0
15;84.0;13;85.0
16;84.0;13;85.0
17;84.0;13;85.0
18;84.0;13;85.0
19;86.0;19;86.0
20;86.0;19;86.0
21;87.0;21;87.0
22;86.0;21;87.0
23;86.0;21;87.0
24;86.0;21;87.0
25;86.0;21;87.0
26;86.0;21;87.0
