Layers: [784, 768, 512, 10]
Seed: 1231
Learning rate: 0.001
Activation function: sigmoid
Output function: softmax
Epochs: 50
Inverted: False
Thresholded: False
Threshold_value: 127
Part of dataset: 200
Epochs;Accuracy
1;26.0
2;40.0
3;50.0
4;54.0
5;60.0
6;64.0
7;64.0
8;68.0
9;68.0
10;66.0
11;68.0
12;72.0
13;72.0
14;72.0
15;72.0
16;72.0
17;74.0
18;76.0
19;76.0
20;76.0
21;78.0
22;78.0
23;82.0
24;82.0
25;82.0
26;82.0
27;80.0
28;82.0
29;82.0
30;82.0
31;82.0
32;82.0
33;82.0
34;82.0
35;82.0
36;82.0
37;82.0
38;80.0
39;80.0
40;80.0
41;80.0
42;80.0
43;80.0
44;80.0
45;82.0
46;82.0
47;80.0
48;80.0
49;80.0
50;80.0
