Layers: [784, 700, 500, 10]
Seed: 1231
Learning rate: 0.001
Activation function: tanh
Output function: softmax
Epochs: 100
Inverted: False
Thresholded: False
Threshold_value: 127
Part of dataset: 100
Epochs;Accuracy
1;55.00000000000001
2;56.00000000000001
3;70.0
4;71.0
5;70.0
6;71.0
7;73.0
8;75.0
9;76.0
10;76.0
11;78.0
12;80.0
13;79.0
14;79.0
15;83.0
16;81.0
17;80.0
18;80.0
19;82.0
20;79.0
21;80.0
22;81.0
23;80.0
24;84.0
25;81.0
26;79.0
27;81.0
28;83.0
29;85.0
30;85.0
31;87.0
32;84.0
33;83.0
34;85.0
35;83.0
36;83.0
37;86.0
38;85.0
39;85.0
40;83.0
41;81.0
42;86.0
43;85.0
44;86.0
45;86.0
46;86.0
47;85.0
48;87.0
49;88.0
50;87.0
51;87.0
52;87.0
53;86.0
54;86.0
55;87.0
56;86.0
57;87.0
58;87.0
59;87.0
60;87.0
61;88.0
62;88.0
63;87.0
64;86.0
65;85.0
66;86.0
67;88.0
68;87.0
69;87.0
70;86.0
71;87.0
72;87.0
73;86.0
74;88.0
75;87.0
76;87.0
77;87.0
78;86.0
79;87.0
80;87.0
81;88.0
82;88.0
83;88.0
84;87.0
85;87.0
86;89.0
87;85.0
88;85.0
89;87.0
90;87.0
91;86.0
92;85.0
93;86.0
94;86.0
95;87.0
96;86.0
97;87.0
98;86.0
99;85.0
100;85.0
