Layers: [784, 512, 256, 128, 10]
Seed: 1231
Learning rate: 0.001
Activation function: sigmoid
Output function: softmax
Epochs: 50
Inverted: False
Thresholded: False
Threshold_value: 127
Part of dataset: 100
Epochs;Accuracy
1;18.0
2;25.0
3;28.000000000000004
4;28.000000000000004
5;30.0
6;32.0
7;33.0
8;33.0
9;32.0
10;32.0
11;33.0
12;35.0
13;40.0
14;39.0
15;41.0
16;42.0
17;46.0
18;46.0
19;46.0
20;47.0
21;47.0
22;48.0
23;48.0
24;51.0
25;51.0
26;53.0
27;55.00000000000001
28;59.0
29;60.0
30;62.0
31;63.0
32;63.0
33;65.0
34;64.0
35;65.0
36;68.0
37;67.0
38;67.0
39;67.0
40;68.0
41;71.0
42;72.0
43;73.0
44;73.0
45;74.0
46;75.0
47;77.0
48;76.0
49;76.0
50;77.0
