Layers: [784, 700, 500, 10]
Seed: 1231
Learning rate: 0.001
Activation function: sigmoid
Output function: softmax
Epochs: 1000
Inverted: False
Thresholded: False
Threshold_value: 127
Part of dataset: 100
Epochs;Accuracy;MAX_Epoch;MAX
1;35.0;1;35.0
2;44.0;2;44.0
3;53.0;3;53.0
4;59.0;4;59.0
5;66.0;5;66.0
6;72.0;6;72.0
7;74.0;7;74.0
8;78.0;8;78.0
9;78.0;8;78.0
10;79.0;10;79.0
11;81.0;11;81.0
12;82.0;12;82.0
13;82.0;12;82.0
14;82.0;12;82.0
15;82.0;12;82.0
16;85.0;16;85.0
17;82.0;16;85.0
18;83.0;16;85.0
19;83.0;16;85.0
20;84.0;16;85.0
21;86.0;21;86.0
22;86.0;21;86.0
23;85.0;21;86.0
24;85.0;21;86.0
25;86.0;21;86.0
26;85.0;21;86.0
27;85.0;21;86.0
28;86.0;21;86.0
29;87.0;29;87.0
30;86.0;29;87.0
31;86.0;29;87.0
32;87.0;29;87.0
33;87.0;29;87.0
34;87.0;29;87.0
35;87.0;29;87.0
36;87.0;29;87.0
37;87.0;29;87.0
38;87.0;29;87.0
39;87.0;29;87.0
40;87.0;29;87.0
41;87.0;29;87.0
42;87.0;29;87.0
43;87.0;29;87.0
44;87.0;29;87.0
45;87.0;29;87.0
46;87.0;29;87.0
47;87.0;29;87.0
48;87.0;29;87.0
49;87.0;29;87.0
50;87.0;29;87.0
51;88.0;51;88.0
52;87.0;51;88.0
53;88.0;51;88.0
54;88.0;51;88.0
55;88.0;51;88.0
56;88.0;51;88.0
57;88.0;51;88.0
58;88.0;51;88.0
59;88.0;51;88.0
60;88.0;51;88.0
61;88.0;51;88.0
62;88.0;51;88.0
63;88.0;51;88.0
64;88.0;51;88.0
65;88.0;51;88.0
66;88.0;51;88.0
67;88.0;51;88.0
68;88.0;51;88.0
69;88.0;51;88.0
70;88.0;51;88.0
71;88.0;51;88.0
72;88.0;51;88.0
73;88.0;51;88.0
74;88.0;51;88.0
75;88.0;51;88.0
76;89.0;76;89.0
77;89.0;76;89.0
78;89.0;76;89.0
79;89.0;76;89.0
80;89.0;76;89.0
81;89.0;76;89.0
82;89.0;76;89.0
83;89.0;76;89.0
84;89.0;76;89.0
85;89.0;76;89.0
86;89.0;76;89.0
87;89.0;76;89.0
88;89.0;76;89.0
89;89.0;76;89.0
90;89.0;76;89.0
91;89.0;76;89.0
92;89.0;76;89.0
93;89.0;76;89.0
94;89.0;76;89.0
95;89.0;76;89.0
96;89.0;76;89.0
97;89.0;76;89.0
98;89.0;76;89.0
99;89.0;76;89.0
100;89.0;76;89.0
101;89.0;76;89.0
102;89.0;76;89.0
103;89.0;76;89.0
104;89.0;76;89.0
105;89.0;76;89.0
106;89.0;76;89.0
107;89.0;76;89.0
108;89.0;76;89.0
109;89.0;76;89.0
110;89.0;76;89.0
111;89.0;76;89.0
112;89.0;76;89.0
113;89.0;76;89.0
114;89.0;76;89.0
115;89.0;76;89.0
116;89.0;76;89.0
117;89.0;76;89.0
118;89.0;76;89.0
119;89.0;76;89.0
120;89.0;76;89.0
121;89.0;76;89.0
122;89.0;76;89.0
123;89.0;76;89.0
124;89.0;76;89.0
125;89.0;76;89.0
126;89.0;76;89.0
127;89.0;76;89.0
128;89.0;76;89.0
129;89.0;76;89.0
130;89.0;76;89.0
131;89.0;76;89.0
132;89.0;76;89.0
133;89.0;76;89.0
134;89.0;76;89.0
135;89.0;76;89.0
136;89.0;76;89.0
137;88.0;76;89.0
138;88.0;76;89.0
139;88.0;76;89.0
140;88.0;76;89.0
141;88.0;76;89.0
142;88.0;76;89.0
143;88.0;76;89.0
144;88.0;76;89.0
145;88.0;76;89.0
146;88.0;76;89.0
147;88.0;76;89.0
148;88.0;76;89.0
149;88.0;76;89.0
150;88.0;76;89.0
151;88.0;76;89.0
152;88.0;76;89.0
153;88.0;76;89.0
154;88.0;76;89.0
155;88.0;76;89.0
156;88.0;76;89.0
157;88.0;76;89.0
158;88.0;76;89.0
159;88.0;76;89.0
160;88.0;76;89.0
161;88.0;76;89.0
162;88.0;76;89.0
163;88.0;76;89.0
164;88.0;76;89.0
165;88.0;76;89.0
166;88.0;76;89.0
167;88.0;76;89.0
168;88.0;76;89.0
169;88.0;76;89.0
170;88.0;76;89.0
171;88.0;76;89.0
172;88.0;76;89.0
173;88.0;76;89.0
174;88.0;76;89.0
175;88.0;76;89.0
176;88.0;76;89.0
177;88.0;76;89.0
178;88.0;76;89.0
179;88.0;76;89.0
180;88.0;76;89.0
181;88.0;76;89.0
182;88.0;76;89.0
183;88.0;76;89.0
184;88.0;76;89.0
185;88.0;76;89.0
186;89.0;76;89.0
187;89.0;76;89.0
188;88.0;76;89.0
189;88.0;76;89.0
190;88.0;76;89.0
191;88.0;76;89.0
192;88.0;76;89.0
193;88.0;76;89.0
194;88.0;76;89.0
195;88.0;76;89.0
196;88.0;76;89.0
197;88.0;76;89.0
198;88.0;76;89.0
199;88.0;76;89.0
200;88.0;76;89.0
201;88.0;76;89.0
202;88.0;76;89.0
203;88.0;76;89.0
204;88.0;76;89.0
205;88.0;76;89.0
206;88.0;76;89.0
207;88.0;76;89.0
208;88.0;76;89.0
209;88.0;76;89.0
210;88.0;76;89.0
211;88.0;76;89.0
212;88.0;76;89.0
213;88.0;76;89.0
214;88.0;76;89.0
215;88.0;76;89.0
216;88.0;76;89.0
217;88.0;76;89.0
218;88.0;76;89.0
219;88.0;76;89.0
220;88.0;76;89.0
221;88.0;76;89.0
222;88.0;76;89.0
223;88.0;76;89.0
224;88.0;76;89.0
225;88.0;76;89.0
226;88.0;76;89.0
227;88.0;76;89.0
228;88.0;76;89.0
229;88.0;76;89.0
230;88.0;76;89.0
231;88.0;76;89.0
232;88.0;76;89.0
233;88.0;76;89.0
234;88.0;76;89.0
235;88.0;76;89.0
236;88.0;76;89.0
237;88.0;76;89.0
238;88.0;76;89.0
239;88.0;76;89.0
240;88.0;76;89.0
241;88.0;76;89.0
242;88.0;76;89.0
243;87.0;76;89.0
244;87.0;76;89.0
245;87.0;76;89.0
246;87.0;76;89.0
247;87.0;76;89.0
248;87.0;76;89.0
249;87.0;76;89.0
250;87.0;76;89.0
251;87.0;76;89.0
252;87.0;76;89.0
253;87.0;76;89.0
254;87.0;76;89.0
255;87.0;76;89.0
256;87.0;76;89.0
257;87.0;76;89.0
258;87.0;76;89.0
259;87.0;76;89.0
260;87.0;76;89.0
261;87.0;76;89.0
262;87.0;76;89.0
263;87.0;76;89.0
264;87.0;76;89.0
265;88.0;76;89.0
266;88.0;76;89.0
267;87.0;76;89.0
268;87.0;76;89.0
269;87.0;76;89.0
270;87.0;76;89.0
271;87.0;76;89.0
272;87.0;76;89.0
273;87.0;76;89.0
274;87.0;76;89.0
275;87.0;76;89.0
276;87.0;76;89.0
277;87.0;76;89.0
278;87.0;76;89.0
279;87.0;76;89.0
280;87.0;76;89.0
281;87.0;76;89.0
282;87.0;76;89.0
283;87.0;76;89.0
284;87.0;76;89.0
285;87.0;76;89.0
286;87.0;76;89.0
287;87.0;76;89.0
288;87.0;76;89.0
289;87.0;76;89.0
290;87.0;76;89.0
291;87.0;76;89.0
292;87.0;76;89.0
293;87.0;76;89.0
294;87.0;76;89.0
295;87.0;76;89.0
296;87.0;76;89.0
297;87.0;76;89.0
298;87.0;76;89.0
299;87.0;76;89.0
300;87.0;76;89.0
301;87.0;76;89.0
302;87.0;76;89.0
303;87.0;76;89.0
304;87.0;76;89.0
305;87.0;76;89.0
306;87.0;76;89.0
307;87.0;76;89.0
308;87.0;76;89.0
309;87.0;76;89.0
310;87.0;76;89.0
311;87.0;76;89.0
312;87.0;76;89.0
313;87.0;76;89.0
314;87.0;76;89.0
315;87.0;76;89.0
316;87.0;76;89.0
317;87.0;76;89.0
318;87.0;76;89.0
319;87.0;76;89.0
320;87.0;76;89.0
321;87.0;76;89.0
322;87.0;76;89.0
323;87.0;76;89.0
324;87.0;76;89.0
325;87.0;76;89.0
326;87.0;76;89.0
327;87.0;76;89.0
328;87.0;76;89.0
329;87.0;76;89.0
330;87.0;76;89.0
331;87.0;76;89.0
332;87.0;76;89.0
333;87.0;76;89.0
334;87.0;76;89.0
335;87.0;76;89.0
336;87.0;76;89.0
337;87.0;76;89.0
338;87.0;76;89.0
339;87.0;76;89.0
340;87.0;76;89.0
341;87.0;76;89.0
342;87.0;76;89.0
343;87.0;76;89.0
344;87.0;76;89.0
345;87.0;76;89.0
346;87.0;76;89.0
347;87.0;76;89.0
348;87.0;76;89.0
349;87.0;76;89.0
350;87.0;76;89.0
351;87.0;76;89.0
352;87.0;76;89.0
353;87.0;76;89.0
354;87.0;76;89.0
355;87.0;76;89.0
356;87.0;76;89.0
357;87.0;76;89.0
358;87.0;76;89.0
359;87.0;76;89.0
360;87.0;76;89.0
361;87.0;76;89.0
362;87.0;76;89.0
363;87.0;76;89.0
364;87.0;76;89.0
365;87.0;76;89.0
366;87.0;76;89.0
367;87.0;76;89.0
368;87.0;76;89.0
369;87.0;76;89.0
370;87.0;76;89.0
371;87.0;76;89.0
372;87.0;76;89.0
373;87.0;76;89.0
374;87.0;76;89.0
375;87.0;76;89.0
376;87.0;76;89.0
377;87.0;76;89.0
378;87.0;76;89.0
379;87.0;76;89.0
380;87.0;76;89.0
381;87.0;76;89.0
382;87.0;76;89.0
383;87.0;76;89.0
384;87.0;76;89.0
385;87.0;76;89.0
386;87.0;76;89.0
387;87.0;76;89.0
388;87.0;76;89.0
389;87.0;76;89.0
390;87.0;76;89.0
391;87.0;76;89.0
392;87.0;76;89.0
393;87.0;76;89.0
394;87.0;76;89.0
395;87.0;76;89.0
396;87.0;76;89.0
397;87.0;76;89.0
398;87.0;76;89.0
399;87.0;76;89.0
400;87.0;76;89.0
401;87.0;76;89.0
402;87.0;76;89.0
403;87.0;76;89.0
404;87.0;76;89.0
405;87.0;76;89.0
406;87.0;76;89.0
407;87.0;76;89.0
408;87.0;76;89.0
409;87.0;76;89.0
410;87.0;76;89.0
411;87.0;76;89.0
412;87.0;76;89.0
413;87.0;76;89.0
414;87.0;76;89.0
415;87.0;76;89.0
416;87.0;76;89.0
417;87.0;76;89.0
418;87.0;76;89.0
419;87.0;76;89.0
420;87.0;76;89.0
421;87.0;76;89.0
422;87.0;76;89.0
423;87.0;76;89.0
424;87.0;76;89.0
425;87.0;76;89.0
426;87.0;76;89.0
427;87.0;76;89.0
428;87.0;76;89.0
429;87.0;76;89.0
430;87.0;76;89.0
431;87.0;76;89.0
432;87.0;76;89.0
433;87.0;76;89.0
434;87.0;76;89.0
435;87.0;76;89.0
436;87.0;76;89.0
437;87.0;76;89.0
438;87.0;76;89.0
439;87.0;76;89.0
440;87.0;76;89.0
441;87.0;76;89.0
442;87.0;76;89.0
443;87.0;76;89.0
444;87.0;76;89.0
445;87.0;76;89.0
446;87.0;76;89.0
447;87.0;76;89.0
448;87.0;76;89.0
449;87.0;76;89.0
450;87.0;76;89.0
451;87.0;76;89.0
452;87.0;76;89.0
453;87.0;76;89.0
454;87.0;76;89.0
455;87.0;76;89.0
456;87.0;76;89.0
457;87.0;76;89.0
458;87.0;76;89.0
459;87.0;76;89.0
460;87.0;76;89.0
461;87.0;76;89.0
462;87.0;76;89.0
463;87.0;76;89.0
464;87.0;76;89.0
465;87.0;76;89.0
466;87.0;76;89.0
467;87.0;76;89.0
468;87.0;76;89.0
469;87.0;76;89.0
470;87.0;76;89.0
471;87.0;76;89.0
472;87.0;76;89.0
473;87.0;76;89.0
474;87.0;76;89.0
475;87.0;76;89.0
476;87.0;76;89.0
477;87.0;76;89.0
478;87.0;76;89.0
479;87.0;76;89.0
480;87.0;76;89.0
481;87.0;76;89.0
482;87.0;76;89.0
483;87.0;76;89.0
484;87.0;76;89.0
485;87.0;76;89.0
486;87.0;76;89.0
487;87.0;76;89.0
488;87.0;76;89.0
489;87.0;76;89.0
490;87.0;76;89.0
491;87.0;76;89.0
492;87.0;76;89.0
493;87.0;76;89.0
494;87.0;76;89.0
495;87.0;76;89.0
496;87.0;76;89.0
497;87.0;76;89.0
498;87.0;76;89.0
499;87.0;76;89.0
500;87.0;76;89.0
501;87.0;76;89.0
502;87.0;76;89.0
503;87.0;76;89.0
504;87.0;76;89.0
505;87.0;76;89.0
506;87.0;76;89.0
507;87.0;76;89.0
508;87.0;76;89.0
509;87.0;76;89.0
510;87.0;76;89.0
511;87.0;76;89.0
512;87.0;76;89.0
513;87.0;76;89.0
514;87.0;76;89.0
515;87.0;76;89.0
516;87.0;76;89.0
517;87.0;76;89.0
518;87.0;76;89.0
519;87.0;76;89.0
520;87.0;76;89.0
521;87.0;76;89.0
522;87.0;76;89.0
523;87.0;76;89.0
524;87.0;76;89.0
525;87.0;76;89.0
526;87.0;76;89.0
527;87.0;76;89.0
528;87.0;76;89.0
529;87.0;76;89.0
530;87.0;76;89.0
531;87.0;76;89.0
532;87.0;76;89.0
533;87.0;76;89.0
534;87.0;76;89.0
535;87.0;76;89.0
536;87.0;76;89.0
537;87.0;76;89.0
538;87.0;76;89.0
539;87.0;76;89.0
540;87.0;76;89.0
541;87.0;76;89.0
542;87.0;76;89.0
543;87.0;76;89.0
544;87.0;76;89.0
545;87.0;76;89.0
546;87.0;76;89.0
547;87.0;76;89.0
548;87.0;76;89.0
549;87.0;76;89.0
550;87.0;76;89.0
551;87.0;76;89.0
552;87.0;76;89.0
553;87.0;76;89.0
554;87.0;76;89.0
555;87.0;76;89.0
556;87.0;76;89.0
557;87.0;76;89.0
558;87.0;76;89.0
559;87.0;76;89.0
560;87.0;76;89.0
561;87.0;76;89.0
562;87.0;76;89.0
563;87.0;76;89.0
564;87.0;76;89.0
565;87.0;76;89.0
566;87.0;76;89.0
567;87.0;76;89.0
568;87.0;76;89.0
569;87.0;76;89.0
570;87.0;76;89.0
571;87.0;76;89.0
572;87.0;76;89.0
573;87.0;76;89.0
574;87.0;76;89.0
575;87.0;76;89.0
576;87.0;76;89.0
577;87.0;76;89.0
578;87.0;76;89.0
579;87.0;76;89.0
580;87.0;76;89.0
581;87.0;76;89.0
582;87.0;76;89.0
583;87.0;76;89.0
584;87.0;76;89.0
585;87.0;76;89.0
586;87.0;76;89.0
587;87.0;76;89.0
588;87.0;76;89.0
589;87.0;76;89.0
590;87.0;76;89.0
591;87.0;76;89.0
592;87.0;76;89.0
593;87.0;76;89.0
594;87.0;76;89.0
595;87.0;76;89.0
596;87.0;76;89.0
597;87.0;76;89.0
598;87.0;76;89.0
599;87.0;76;89.0
600;87.0;76;89.0
601;87.0;76;89.0
602;87.0;76;89.0
603;87.0;76;89.0
604;87.0;76;89.0
605;87.0;76;89.0
606;87.0;76;89.0
607;87.0;76;89.0
608;87.0;76;89.0
609;87.0;76;89.0
610;87.0;76;89.0
611;87.0;76;89.0
612;87.0;76;89.0
613;87.0;76;89.0
614;87.0;76;89.0
615;87.0;76;89.0
616;87.0;76;89.0
617;87.0;76;89.0
618;87.0;76;89.0
619;87.0;76;89.0
620;87.0;76;89.0
621;87.0;76;89.0
622;87.0;76;89.0
623;87.0;76;89.0
624;87.0;76;89.0
625;87.0;76;89.0
626;87.0;76;89.0
627;87.0;76;89.0
628;87.0;76;89.0
629;87.0;76;89.0
630;87.0;76;89.0
631;87.0;76;89.0
632;87.0;76;89.0
633;87.0;76;89.0
634;87.0;76;89.0
635;87.0;76;89.0
636;87.0;76;89.0
637;87.0;76;89.0
638;87.0;76;89.0
639;87.0;76;89.0
640;87.0;76;89.0
641;87.0;76;89.0
642;87.0;76;89.0
643;87.0;76;89.0
644;87.0;76;89.0
645;87.0;76;89.0
646;87.0;76;89.0
647;87.0;76;89.0
648;87.0;76;89.0
649;87.0;76;89.0
650;87.0;76;89.0
651;87.0;76;89.0
652;87.0;76;89.0
653;87.0;76;89.0
654;87.0;76;89.0
655;87.0;76;89.0
656;87.0;76;89.0
657;87.0;76;89.0
658;87.0;76;89.0
659;87.0;76;89.0
660;87.0;76;89.0
661;86.0;76;89.0
662;86.0;76;89.0
663;86.0;76;89.0
664;86.0;76;89.0
665;86.0;76;89.0
666;86.0;76;89.0
667;86.0;76;89.0
668;86.0;76;89.0
669;86.0;76;89.0
670;86.0;76;89.0
671;86.0;76;89.0
672;86.0;76;89.0
673;86.0;76;89.0
674;86.0;76;89.0
675;86.0;76;89.0
676;86.0;76;89.0
677;86.0;76;89.0
678;86.0;76;89.0
679;86.0;76;89.0
680;86.0;76;89.0
681;86.0;76;89.0
682;86.0;76;89.0
683;86.0;76;89.0
684;86.0;76;89.0
685;86.0;76;89.0
686;86.0;76;89.0
687;86.0;76;89.0
688;86.0;76;89.0
689;86.0;76;89.0
690;86.0;76;89.0
691;86.0;76;89.0
692;86.0;76;89.0
693;86.0;76;89.0
694;86.0;76;89.0
695;86.0;76;89.0
696;86.0;76;89.0
697;86.0;76;89.0
698;86.0;76;89.0
699;86.0;76;89.0
700;86.0;76;89.0
701;86.0;76;89.0
702;86.0;76;89.0
703;86.0;76;89.0
704;86.0;76;89.0
705;86.0;76;89.0
706;86.0;76;89.0
707;86.0;76;89.0
708;86.0;76;89.0
709;86.0;76;89.0
710;86.0;76;89.0
711;86.0;76;89.0
712;86.0;76;89.0
713;86.0;76;89.0
714;86.0;76;89.0
715;86.0;76;89.0
716;86.0;76;89.0
717;86.0;76;89.0
718;86.0;76;89.0
719;86.0;76;89.0
720;86.0;76;89.0
721;86.0;76;89.0
722;86.0;76;89.0
723;86.0;76;89.0
724;86.0;76;89.0
725;86.0;76;89.0
726;86.0;76;89.0
727;86.0;76;89.0
728;86.0;76;89.0
729;86.0;76;89.0
730;86.0;76;89.0
731;86.0;76;89.0
732;86.0;76;89.0
733;86.0;76;89.0
734;86.0;76;89.0
735;86.0;76;89.0
736;86.0;76;89.0
737;86.0;76;89.0
738;86.0;76;89.0
739;86.0;76;89.0
740;86.0;76;89.0
741;86.0;76;89.0
742;86.0;76;89.0
743;86.0;76;89.0
744;86.0;76;89.0
745;86.0;76;89.0
746;86.0;76;89.0
747;86.0;76;89.0
748;86.0;76;89.0
749;86.0;76;89.0
750;86.0;76;89.0
751;86.0;76;89.0
752;86.0;76;89.0
753;86.0;76;89.0
754;86.0;76;89.0
755;86.0;76;89.0
756;86.0;76;89.0
757;86.0;76;89.0
758;86.0;76;89.0
759;86.0;76;89.0
760;86.0;76;89.0
761;86.0;76;89.0
762;86.0;76;89.0
763;86.0;76;89.0
764;86.0;76;89.0
765;86.0;76;89.0
766;86.0;76;89.0
767;86.0;76;89.0
768;86.0;76;89.0
769;86.0;76;89.0
770;86.0;76;89.0
771;86.0;76;89.0
772;86.0;76;89.0
773;86.0;76;89.0
774;86.0;76;89.0
775;86.0;76;89.0
776;86.0;76;89.0
777;86.0;76;89.0
778;86.0;76;89.0
779;86.0;76;89.0
780;86.0;76;89.0
781;86.0;76;89.0
782;86.0;76;89.0
783;86.0;76;89.0
784;86.0;76;89.0
785;86.0;76;89.0
786;86.0;76;89.0
787;86.0;76;89.0
788;86.0;76;89.0
789;86.0;76;89.0
790;86.0;76;89.0
791;86.0;76;89.0
792;86.0;76;89.0
793;86.0;76;89.0
794;86.0;76;89.0
795;86.0;76;89.0
796;86.0;76;89.0
797;86.0;76;89.0
798;86.0;76;89.0
799;86.0;76;89.0
800;86.0;76;89.0
801;86.0;76;89.0
802;86.0;76;89.0
803;86.0;76;89.0
804;86.0;76;89.0
805;86.0;76;89.0
806;86.0;76;89.0
807;86.0;76;89.0
808;86.0;76;89.0
809;86.0;76;89.0
810;86.0;76;89.0
811;86.0;76;89.0
812;86.0;76;89.0
813;86.0;76;89.0
814;86.0;76;89.0
815;86.0;76;89.0
816;86.0;76;89.0
817;86.0;76;89.0
818;86.0;76;89.0
819;86.0;76;89.0
820;86.0;76;89.0
821;86.0;76;89.0
822;86.0;76;89.0
823;86.0;76;89.0
824;86.0;76;89.0
825;86.0;76;89.0
826;86.0;76;89.0
827;86.0;76;89.0
828;86.0;76;89.0
829;86.0;76;89.0
830;86.0;76;89.0
831;86.0;76;89.0
832;86.0;76;89.0
833;86.0;76;89.0
834;86.0;76;89.0
835;86.0;76;89.0
836;86.0;76;89.0
837;86.0;76;89.0
838;86.0;76;89.0
839;86.0;76;89.0
840;86.0;76;89.0
841;86.0;76;89.0
842;86.0;76;89.0
843;86.0;76;89.0
844;86.0;76;89.0
845;86.0;76;89.0
846;86.0;76;89.0
847;86.0;76;89.0
848;86.0;76;89.0
849;86.0;76;89.0
850;86.0;76;89.0
851;86.0;76;89.0
852;86.0;76;89.0
853;86.0;76;89.0
854;86.0;76;89.0
855;86.0;76;89.0
856;86.0;76;89.0
857;86.0;76;89.0
858;86.0;76;89.0
859;86.0;76;89.0
860;86.0;76;89.0
861;86.0;76;89.0
862;86.0;76;89.0
863;86.0;76;89.0
864;86.0;76;89.0
865;86.0;76;89.0
866;86.0;76;89.0
867;86.0;76;89.0
868;86.0;76;89.0
869;86.0;76;89.0
870;86.0;76;89.0
871;86.0;76;89.0
872;86.0;76;89.0
873;86.0;76;89.0
874;86.0;76;89.0
875;86.0;76;89.0
876;86.0;76;89.0
877;86.0;76;89.0
878;86.0;76;89.0
879;86.0;76;89.0
880;86.0;76;89.0
881;86.0;76;89.0
882;86.0;76;89.0
883;86.0;76;89.0
884;86.0;76;89.0
885;86.0;76;89.0
886;86.0;76;89.0
887;86.0;76;89.0
888;86.0;76;89.0
889;86.0;76;89.0
890;86.0;76;89.0
891;86.0;76;89.0
892;86.0;76;89.0
893;86.0;76;89.0
894;86.0;76;89.0
895;86.0;76;89.0
896;86.0;76;89.0
897;86.0;76;89.0
898;86.0;76;89.0
899;86.0;76;89.0
900;86.0;76;89.0
901;86.0;76;89.0
902;86.0;76;89.0
903;86.0;76;89.0
904;86.0;76;89.0
905;86.0;76;89.0
906;86.0;76;89.0
907;86.0;76;89.0
908;86.0;76;89.0
909;86.0;76;89.0
910;86.0;76;89.0
911;86.0;76;89.0
912;86.0;76;89.0
913;86.0;76;89.0
914;86.0;76;89.0
915;86.0;76;89.0
916;86.0;76;89.0
917;86.0;76;89.0
918;86.0;76;89.0
919;86.0;76;89.0
920;86.0;76;89.0
921;86.0;76;89.0
922;86.0;76;89.0
923;86.0;76;89.0
924;86.0;76;89.0
925;86.0;76;89.0
926;86.0;76;89.0
927;86.0;76;89.0
928;86.0;76;89.0
929;86.0;76;89.0
930;86.0;76;89.0
931;86.0;76;89.0
932;86.0;76;89.0
933;86.0;76;89.0
934;86.0;76;89.0
935;86.0;76;89.0
936;86.0;76;89.0
937;86.0;76;89.0
938;86.0;76;89.0
939;86.0;76;89.0
940;86.0;76;89.0
941;86.0;76;89.0
942;86.0;76;89.0
943;86.0;76;89.0
944;86.0;76;89.0
945;86.0;76;89.0
946;86.0;76;89.0
947;86.0;76;89.0
948;86.0;76;89.0
949;86.0;76;89.0
950;86.0;76;89.0
951;86.0;76;89.0
952;86.0;76;89.0
953;86.0;76;89.0
954;86.0;76;89.0
955;86.0;76;89.0
956;86.0;76;89.0
957;86.0;76;89.0
958;86.0;76;89.0
959;86.0;76;89.0
960;86.0;76;89.0
961;86.0;76;89.0
962;86.0;76;89.0
963;86.0;76;89.0
964;86.0;76;89.0
965;86.0;76;89.0
966;86.0;76;89.0
967;86.0;76;89.0
968;86.0;76;89.0
969;86.0;76;89.0
970;86.0;76;89.0
971;86.0;76;89.0
972;86.0;76;89.0
973;86.0;76;89.0
974;86.0;76;89.0
975;86.0;76;89.0
976;86.0;76;89.0
977;86.0;76;89.0
978;86.0;76;89.0
979;86.0;76;89.0
980;86.0;76;89.0
981;86.0;76;89.0
982;86.0;76;89.0
983;86.0;76;89.0
984;86.0;76;89.0
985;86.0;76;89.0
986;86.0;76;89.0
987;86.0;76;89.0
988;86.0;76;89.0
989;86.0;76;89.0
990;86.0;76;89.0
991;86.0;76;89.0
992;86.0;76;89.0
993;86.0;76;89.0
994;86.0;76;89.0
995;86.0;76;89.0
996;86.0;76;89.0
997;86.0;76;89.0
998;86.0;76;89.0
999;86.0;76;89.0
1000;86.0;76;89.0
