Layers: [784, 700, 500, 10]
Seed: 1231
Learning rate: 0.001
Activation function: sigmoid
Output function: softmax
Epochs: 1000
Inverted: False
Thresholded: False
Threshold_value: 127
Part of dataset: 100
Epochs;Accuracy;MAX;MAX_Epoch
1;35.0;35.0;1
2;44.0;44.0;2
3;53.0;53.0;3
4;59.0;59.0;4
5;66.0;66.0;5
6;72.0;72.0;6
7;74.0;74.0;7
8;78.0;78.0;8
9;78.0;78.0;8
10;79.0;79.0;10
11;81.0;81.0;11
12;82.0;82.0;12
13;82.0;82.0;12
14;82.0;82.0;12
15;82.0;82.0;12
16;85.0;85.0;16
17;82.0;85.0;16
18;83.0;85.0;16
19;83.0;85.0;16
20;84.0;85.0;16
21;86.0;86.0;21
22;86.0;86.0;21
23;85.0;86.0;21
24;85.0;86.0;21
25;86.0;86.0;21
26;85.0;86.0;21
