Layers: [784, 512, 256, 10]
Seed: 1231
Learning rate: 0.001
Activation function: sigmoid
Output function: softmax
Epochs: 50
Inverted: False
Thresholded: False
Threshold_value: 127
Part of dataset: 200
Epochs;Accuracy
1;40.0
2;44.0
3;50.0
4;54.0
5;54.0
6;54.0
7;56.00000000000001
8;56.00000000000001
9;57.99999999999999
10;57.99999999999999
11;64.0
12;60.0
13;66.0
14;66.0
15;72.0
16;72.0
17;72.0
18;72.0
19;74.0
20;74.0
21;78.0
22;78.0
23;80.0
24;80.0
25;80.0
26;80.0
27;80.0
28;78.0
29;78.0
30;78.0
31;78.0
32;78.0
33;78.0
34;80.0
35;82.0
36;80.0
37;82.0
38;80.0
39;80.0
40;80.0
41;80.0
42;78.0
43;78.0
44;80.0
45;82.0
46;80.0
47;78.0
48;78.0
49;78.0
50;76.0
