Layers: [784, 640, 512, 10]
Seed: 1231
Learning rate: 0.0001
Activation function: sigmoid
Output function: softmax
Epochs: 40
Inverted: False
Thresholded: False
Threshold_value: 127
Part of dataset: 200
Epochs;Accuracy
1;8.0
2;10.0
3;12.0
4;14.000000000000002
5;20.0
6;22.0
7;28.000000000000004
8;28.000000000000004
9;28.000000000000004
10;28.000000000000004
11;28.000000000000004
12;30.0
13;32.0
14;32.0
15;32.0
16;34.0
17;38.0
18;40.0
19;40.0
20;40.0
21;40.0
22;42.0
23;42.0
24;44.0
25;44.0
26;48.0
27;46.0
28;46.0
29;46.0
30;48.0
31;48.0
32;50.0
33;52.0
34;52.0
35;52.0
36;52.0
37;52.0
38;52.0
39;52.0
40;52.0
