Layers: [784, 700, 500, 10]
Seed: 1231
Learning rate: 0.001
Activation function: sigmoid
Output function: softmax
Epochs: 1000
Inverted: False
Thresholded: False
Threshold_value: 127
Part of dataset: 100
Epochs;Accuracy;MAX_Epoch;MAX
1;38.0;1;38.0
2;46.0;2;46.0
3;54.0;3;54.0
4;60.0;4;60.0
5;65.0;5;65.0
6;71.0;6;71.0
7;76.0;7;76.0
8;78.0;8;78.0
9;80.0;9;80.0
10;79.0;9;80.0
11;82.0;11;82.0
12;83.0;12;83.0
13;85.0;13;85.0
14;83.0;13;85.0
15;84.0;13;85.0
16;84.0;13;85.0
17;84.0;13;85.0
18;84.0;13;85.0
19;86.0;19;86.0
20;86.0;19;86.0
21;87.0;21;87.0
22;86.0;21;87.0
23;86.0;21;87.0
24;86.0;21;87.0
25;86.0;21;87.0
26;86.0;21;87.0
27;86.0;21;87.0
28;85.0;21;87.0
29;86.0;21;87.0
30;86.0;21;87.0
31;86.0;21;87.0
32;86.0;21;87.0
33;87.0;21;87.0
34;86.0;21;87.0
35;87.0;21;87.0
36;86.0;21;87.0
37;87.0;21;87.0
38;87.0;21;87.0
39;87.0;21;87.0
40;87.0;21;87.0
41;87.0;21;87.0
42;87.0;21;87.0
43;87.0;21;87.0
44;87.0;21;87.0
45;87.0;21;87.0
46;87.0;21;87.0
47;87.0;21;87.0
48;87.0;21;87.0
49;87.0;21;87.0
50;87.0;21;87.0
51;87.0;21;87.0
52;87.0;21;87.0
53;87.0;21;87.0
54;87.0;21;87.0
55;88.0;55;88.0
56;88.0;55;88.0
57;88.0;55;88.0
58;88.0;55;88.0
59;88.0;55;88.0
60;88.0;55;88.0
61;88.0;55;88.0
62;88.0;55;88.0
63;88.0;55;88.0
64;88.0;55;88.0
65;88.0;55;88.0
66;88.0;55;88.0
67;87.0;55;88.0
68;87.0;55;88.0
69;87.0;55;88.0
70;87.0;55;88.0
71;87.0;55;88.0
72;87.0;55;88.0
73;87.0;55;88.0
74;87.0;55;88.0
75;87.0;55;88.0
76;87.0;55;88.0
77;87.0;55;88.0
78;87.0;55;88.0
79;87.0;55;88.0
80;87.0;55;88.0
81;87.0;55;88.0
82;87.0;55;88.0
83;87.0;55;88.0
84;87.0;55;88.0
85;87.0;55;88.0
86;87.0;55;88.0
87;87.0;55;88.0
88;87.0;55;88.0
89;87.0;55;88.0
90;87.0;55;88.0
91;87.0;55;88.0
92;87.0;55;88.0
93;87.0;55;88.0
94;87.0;55;88.0
95;87.0;55;88.0
96;87.0;55;88.0
97;87.0;55;88.0
98;87.0;55;88.0
99;87.0;55;88.0
100;87.0;55;88.0
101;87.0;55;88.0
102;87.0;55;88.0
103;87.0;55;88.0
104;87.0;55;88.0
