Layers: [784, 700, 500, 10]
Seed: 1231
Learning rate: 0.0075
Activation function: sigmoid
Output function: softmax
Epochs: 1000
Inverted: False
Thresholded: False
Threshold_value: 127
Part of dataset: 100
Epochs;Accuracy;MAX_Epoch;MAX
1;33.0;1;33.0
2;56.99999999999999;2;56.99999999999999
3;66.0;3;66.0
4;66.0;3;66.0
5;70.0;5;70.0
6;71.0;6;71.0
7;73.0;7;73.0
8;74.0;8;74.0
9;79.0;9;79.0
10;78.0;9;79.0
11;78.0;9;79.0
12;76.0;9;79.0
13;78.0;9;79.0
14;73.0;9;79.0
15;77.0;9;79.0
16;80.0;16;80.0
17;78.0;16;80.0
18;75.0;16;80.0
19;73.0;16;80.0
20;75.0;16;80.0
21;78.0;16;80.0
22;70.0;16;80.0
23;67.0;16;80.0
24;70.0;16;80.0
25;70.0;16;80.0
26;73.0;16;80.0
27;71.0;16;80.0
28;72.0;16;80.0
29;64.0;16;80.0
30;72.0;16;80.0
31;72.0;16;80.0
32;70.0;16;80.0
33;71.0;16;80.0
34;69.0;16;80.0
35;69.0;16;80.0
36;65.0;16;80.0
37;65.0;16;80.0
38;61.0;16;80.0
39;69.0;16;80.0
40;69.0;16;80.0
41;65.0;16;80.0
42;66.0;16;80.0
43;60.0;16;80.0
44;62.0;16;80.0
45;66.0;16;80.0
46;66.0;16;80.0
47;69.0;16;80.0
48;67.0;16;80.0
49;68.0;16;80.0
50;68.0;16;80.0
51;57.99999999999999;16;80.0
52;68.0;16;80.0
53;70.0;16;80.0
54;71.0;16;80.0
55;67.0;16;80.0
56;72.0;16;80.0
57;70.0;16;80.0
58;73.0;16;80.0
59;70.0;16;80.0
60;70.0;16;80.0
61;70.0;16;80.0
62;73.0;16;80.0
63;70.0;16;80.0
64;69.0;16;80.0
65;69.0;16;80.0
66;69.0;16;80.0
67;66.0;16;80.0
68;70.0;16;80.0
69;70.0;16;80.0
70;69.0;16;80.0
71;69.0;16;80.0
72;70.0;16;80.0
73;69.0;16;80.0
74;68.0;16;80.0
75;67.0;16;80.0
76;66.0;16;80.0
77;67.0;16;80.0
78;68.0;16;80.0
79;68.0;16;80.0
80;68.0;16;80.0
81;68.0;16;80.0
82;67.0;16;80.0
83;69.0;16;80.0
84;68.0;16;80.0
85;68.0;16;80.0
86;67.0;16;80.0
87;67.0;16;80.0
88;65.0;16;80.0
89;66.0;16;80.0
90;65.0;16;80.0
91;66.0;16;80.0
92;68.0;16;80.0
93;66.0;16;80.0
94;66.0;16;80.0
95;65.0;16;80.0
96;65.0;16;80.0
97;65.0;16;80.0
98;65.0;16;80.0
99;65.0;16;80.0
100;66.0;16;80.0
101;65.0;16;80.0
102;65.0;16;80.0
103;65.0;16;80.0
104;64.0;16;80.0
105;67.0;16;80.0
106;67.0;16;80.0
107;66.0;16;80.0
108;66.0;16;80.0
109;66.0;16;80.0
110;66.0;16;80.0
111;66.0;16;80.0
112;66.0;16;80.0
113;68.0;16;80.0
114;67.0;16;80.0
115;68.0;16;80.0
116;68.0;16;80.0
117;68.0;16;80.0
118;68.0;16;80.0
119;69.0;16;80.0
120;68.0;16;80.0
121;69.0;16;80.0
122;68.0;16;80.0
123;64.0;16;80.0
124;64.0;16;80.0
125;66.0;16;80.0
126;66.0;16;80.0
127;66.0;16;80.0
128;66.0;16;80.0
129;69.0;16;80.0
130;68.0;16;80.0
131;68.0;16;80.0
132;69.0;16;80.0
133;68.0;16;80.0
134;68.0;16;80.0
135;68.0;16;80.0
136;68.0;16;80.0
137;68.0;16;80.0
138;68.0;16;80.0
139;68.0;16;80.0
140;68.0;16;80.0
141;68.0;16;80.0
142;68.0;16;80.0
143;67.0;16;80.0
144;68.0;16;80.0
145;68.0;16;80.0
146;68.0;16;80.0
147;68.0;16;80.0
148;68.0;16;80.0
149;69.0;16;80.0
150;69.0;16;80.0
151;69.0;16;80.0
152;69.0;16;80.0
153;69.0;16;80.0
154;69.0;16;80.0
155;69.0;16;80.0
156;70.0;16;80.0
157;70.0;16;80.0
158;70.0;16;80.0
159;70.0;16;80.0
160;70.0;16;80.0
161;71.0;16;80.0
162;71.0;16;80.0
163;71.0;16;80.0
164;71.0;16;80.0
165;70.0;16;80.0
166;70.0;16;80.0
167;70.0;16;80.0
168;69.0;16;80.0
169;71.0;16;80.0
170;70.0;16;80.0
171;70.0;16;80.0
172;70.0;16;80.0
173;70.0;16;80.0
174;70.0;16;80.0
175;70.0;16;80.0
176;70.0;16;80.0
177;70.0;16;80.0
178;70.0;16;80.0
179;70.0;16;80.0
180;70.0;16;80.0
181;70.0;16;80.0
182;70.0;16;80.0
183;71.0;16;80.0
184;71.0;16;80.0
185;71.0;16;80.0
186;69.0;16;80.0
187;69.0;16;80.0
188;69.0;16;80.0
189;69.0;16;80.0
190;69.0;16;80.0
191;69.0;16;80.0
192;69.0;16;80.0
193;69.0;16;80.0
194;69.0;16;80.0
195;69.0;16;80.0
196;69.0;16;80.0
197;69.0;16;80.0
198;69.0;16;80.0
199;69.0;16;80.0
200;69.0;16;80.0
201;69.0;16;80.0
202;69.0;16;80.0
203;69.0;16;80.0
204;69.0;16;80.0
205;69.0;16;80.0
206;69.0;16;80.0
207;69.0;16;80.0
208;69.0;16;80.0
209;69.0;16;80.0
210;69.0;16;80.0
211;69.0;16;80.0
212;69.0;16;80.0
213;69.0;16;80.0
214;69.0;16;80.0
215;69.0;16;80.0
216;69.0;16;80.0
217;69.0;16;80.0
218;68.0;16;80.0
219;68.0;16;80.0
220;68.0;16;80.0
221;68.0;16;80.0
222;68.0;16;80.0
223;68.0;16;80.0
224;68.0;16;80.0
225;68.0;16;80.0
226;68.0;16;80.0
227;68.0;16;80.0
228;68.0;16;80.0
229;68.0;16;80.0
230;68.0;16;80.0
231;68.0;16;80.0
232;68.0;16;80.0
233;69.0;16;80.0
234;69.0;16;80.0
235;67.0;16;80.0
236;68.0;16;80.0
237;67.0;16;80.0
238;68.0;16;80.0
239;66.0;16;80.0
240;66.0;16;80.0
241;67.0;16;80.0
242;68.0;16;80.0
243;68.0;16;80.0
244;68.0;16;80.0
245;68.0;16;80.0
246;68.0;16;80.0
247;68.0;16;80.0
248;68.0;16;80.0
249;70.0;16;80.0
250;70.0;16;80.0
251;69.0;16;80.0
252;68.0;16;80.0
253;68.0;16;80.0
254;68.0;16;80.0
255;68.0;16;80.0
256;68.0;16;80.0
257;68.0;16;80.0
258;68.0;16;80.0
259;68.0;16;80.0
260;68.0;16;80.0
261;68.0;16;80.0
262;68.0;16;80.0
263;68.0;16;80.0
264;68.0;16;80.0
265;68.0;16;80.0
266;68.0;16;80.0
267;68.0;16;80.0
268;68.0;16;80.0
269;69.0;16;80.0
270;69.0;16;80.0
271;69.0;16;80.0
272;73.0;16;80.0
273;73.0;16;80.0
274;73.0;16;80.0
275;72.0;16;80.0
276;72.0;16;80.0
277;72.0;16;80.0
278;72.0;16;80.0
279;72.0;16;80.0
280;72.0;16;80.0
281;73.0;16;80.0
282;73.0;16;80.0
283;73.0;16;80.0
284;73.0;16;80.0
285;73.0;16;80.0
286;73.0;16;80.0
287;73.0;16;80.0
288;73.0;16;80.0
289;73.0;16;80.0
290;73.0;16;80.0
291;73.0;16;80.0
292;72.0;16;80.0
293;72.0;16;80.0
294;72.0;16;80.0
295;72.0;16;80.0
296;72.0;16;80.0
297;72.0;16;80.0
298;72.0;16;80.0
299;72.0;16;80.0
300;72.0;16;80.0
301;72.0;16;80.0
302;72.0;16;80.0
303;72.0;16;80.0
304;72.0;16;80.0
305;72.0;16;80.0
306;72.0;16;80.0
307;72.0;16;80.0
308;72.0;16;80.0
309;72.0;16;80.0
310;72.0;16;80.0
311;72.0;16;80.0
312;72.0;16;80.0
313;72.0;16;80.0
314;72.0;16;80.0
315;72.0;16;80.0
316;72.0;16;80.0
317;72.0;16;80.0
318;72.0;16;80.0
319;71.0;16;80.0
320;71.0;16;80.0
321;69.0;16;80.0
322;70.0;16;80.0
323;70.0;16;80.0
324;70.0;16;80.0
325;69.0;16;80.0
326;72.0;16;80.0
327;71.0;16;80.0
328;71.0;16;80.0
329;71.0;16;80.0
330;71.0;16;80.0
331;71.0;16;80.0
332;71.0;16;80.0
333;71.0;16;80.0
334;71.0;16;80.0
335;71.0;16;80.0
336;71.0;16;80.0
337;71.0;16;80.0
338;71.0;16;80.0
339;71.0;16;80.0
340;71.0;16;80.0
341;71.0;16;80.0
342;71.0;16;80.0
343;71.0;16;80.0
344;72.0;16;80.0
345;72.0;16;80.0
346;72.0;16;80.0
347;72.0;16;80.0
348;72.0;16;80.0
349;72.0;16;80.0
350;72.0;16;80.0
351;72.0;16;80.0
352;72.0;16;80.0
353;71.0;16;80.0
354;71.0;16;80.0
355;71.0;16;80.0
356;71.0;16;80.0
357;71.0;16;80.0
358;71.0;16;80.0
359;71.0;16;80.0
360;71.0;16;80.0
361;71.0;16;80.0
362;71.0;16;80.0
363;71.0;16;80.0
364;71.0;16;80.0
365;71.0;16;80.0
366;72.0;16;80.0
367;71.0;16;80.0
368;71.0;16;80.0
369;71.0;16;80.0
370;71.0;16;80.0
371;71.0;16;80.0
372;71.0;16;80.0
373;72.0;16;80.0
374;72.0;16;80.0
375;72.0;16;80.0
376;72.0;16;80.0
377;72.0;16;80.0
378;72.0;16;80.0
379;72.0;16;80.0
380;72.0;16;80.0
381;72.0;16;80.0
382;72.0;16;80.0
383;72.0;16;80.0
384;72.0;16;80.0
385;72.0;16;80.0
386;72.0;16;80.0
387;72.0;16;80.0
388;72.0;16;80.0
389;73.0;16;80.0
390;73.0;16;80.0
391;73.0;16;80.0
392;73.0;16;80.0
393;73.0;16;80.0
394;73.0;16;80.0
395;73.0;16;80.0
396;74.0;16;80.0
397;74.0;16;80.0
398;74.0;16;80.0
399;74.0;16;80.0
400;74.0;16;80.0
401;74.0;16;80.0
402;74.0;16;80.0
403;74.0;16;80.0
404;74.0;16;80.0
405;74.0;16;80.0
406;74.0;16;80.0
407;74.0;16;80.0
408;74.0;16;80.0
409;74.0;16;80.0
410;75.0;16;80.0
411;73.0;16;80.0
412;73.0;16;80.0
413;73.0;16;80.0
414;73.0;16;80.0
415;73.0;16;80.0
416;72.0;16;80.0
417;73.0;16;80.0
418;73.0;16;80.0
419;73.0;16;80.0
420;73.0;16;80.0
421;73.0;16;80.0
422;73.0;16;80.0
423;73.0;16;80.0
424;74.0;16;80.0
425;74.0;16;80.0
426;74.0;16;80.0
427;74.0;16;80.0
428;74.0;16;80.0
429;74.0;16;80.0
430;74.0;16;80.0
431;74.0;16;80.0
432;74.0;16;80.0
433;74.0;16;80.0
434;74.0;16;80.0
435;74.0;16;80.0
436;74.0;16;80.0
437;74.0;16;80.0
438;74.0;16;80.0
439;74.0;16;80.0
440;74.0;16;80.0
441;74.0;16;80.0
442;74.0;16;80.0
443;74.0;16;80.0
444;74.0;16;80.0
445;74.0;16;80.0
446;74.0;16;80.0
447;74.0;16;80.0
448;74.0;16;80.0
449;74.0;16;80.0
450;74.0;16;80.0
451;74.0;16;80.0
452;74.0;16;80.0
453;74.0;16;80.0
454;74.0;16;80.0
455;74.0;16;80.0
456;74.0;16;80.0
457;74.0;16;80.0
458;74.0;16;80.0
459;74.0;16;80.0
460;74.0;16;80.0
461;74.0;16;80.0
462;74.0;16;80.0
463;74.0;16;80.0
464;74.0;16;80.0
465;74.0;16;80.0
466;74.0;16;80.0
467;74.0;16;80.0
468;74.0;16;80.0
469;74.0;16;80.0
470;74.0;16;80.0
471;74.0;16;80.0
472;74.0;16;80.0
473;74.0;16;80.0
474;74.0;16;80.0
475;74.0;16;80.0
476;74.0;16;80.0
477;74.0;16;80.0
478;74.0;16;80.0
479;74.0;16;80.0
480;74.0;16;80.0
481;74.0;16;80.0
482;74.0;16;80.0
483;74.0;16;80.0
484;74.0;16;80.0
485;74.0;16;80.0
486;74.0;16;80.0
487;74.0;16;80.0
488;74.0;16;80.0
489;74.0;16;80.0
490;74.0;16;80.0
491;75.0;16;80.0
492;75.0;16;80.0
493;76.0;16;80.0
494;76.0;16;80.0
495;76.0;16;80.0
496;76.0;16;80.0
497;76.0;16;80.0
498;76.0;16;80.0
499;76.0;16;80.0
500;76.0;16;80.0
501;76.0;16;80.0
502;76.0;16;80.0
503;76.0;16;80.0
504;75.0;16;80.0
505;75.0;16;80.0
506;75.0;16;80.0
507;75.0;16;80.0
508;78.0;16;80.0
509;71.0;16;80.0
510;75.0;16;80.0
511;75.0;16;80.0
512;75.0;16;80.0
513;75.0;16;80.0
514;75.0;16;80.0
515;75.0;16;80.0
516;75.0;16;80.0
517;75.0;16;80.0
518;75.0;16;80.0
519;75.0;16;80.0
520;75.0;16;80.0
521;75.0;16;80.0
522;75.0;16;80.0
523;75.0;16;80.0
524;75.0;16;80.0
525;75.0;16;80.0
526;76.0;16;80.0
527;76.0;16;80.0
528;76.0;16;80.0
529;76.0;16;80.0
530;76.0;16;80.0
531;76.0;16;80.0
532;76.0;16;80.0
533;77.0;16;80.0
534;77.0;16;80.0
535;77.0;16;80.0
536;75.0;16;80.0
537;75.0;16;80.0
538;75.0;16;80.0
539;75.0;16;80.0
540;75.0;16;80.0
541;75.0;16;80.0
542;75.0;16;80.0
543;75.0;16;80.0
544;75.0;16;80.0
545;75.0;16;80.0
546;75.0;16;80.0
547;75.0;16;80.0
548;75.0;16;80.0
549;75.0;16;80.0
550;75.0;16;80.0
551;75.0;16;80.0
552;75.0;16;80.0
553;75.0;16;80.0
554;75.0;16;80.0
555;75.0;16;80.0
556;75.0;16;80.0
557;75.0;16;80.0
558;75.0;16;80.0
559;75.0;16;80.0
560;74.0;16;80.0
561;75.0;16;80.0
562;75.0;16;80.0
563;75.0;16;80.0
564;75.0;16;80.0
565;75.0;16;80.0
566;74.0;16;80.0
567;74.0;16;80.0
568;74.0;16;80.0
569;74.0;16;80.0
570;73.0;16;80.0
571;73.0;16;80.0
572;73.0;16;80.0
573;73.0;16;80.0
574;73.0;16;80.0
575;73.0;16;80.0
576;73.0;16;80.0
577;73.0;16;80.0
578;73.0;16;80.0
579;73.0;16;80.0
580;73.0;16;80.0
581;73.0;16;80.0
582;73.0;16;80.0
583;73.0;16;80.0
584;73.0;16;80.0
585;73.0;16;80.0
586;73.0;16;80.0
587;74.0;16;80.0
588;74.0;16;80.0
589;74.0;16;80.0
590;74.0;16;80.0
591;74.0;16;80.0
592;74.0;16;80.0
593;74.0;16;80.0
594;74.0;16;80.0
595;74.0;16;80.0
596;74.0;16;80.0
597;74.0;16;80.0
598;74.0;16;80.0
599;74.0;16;80.0
600;74.0;16;80.0
601;74.0;16;80.0
602;74.0;16;80.0
603;74.0;16;80.0
604;74.0;16;80.0
605;74.0;16;80.0
606;74.0;16;80.0
607;74.0;16;80.0
608;74.0;16;80.0
609;74.0;16;80.0
610;75.0;16;80.0
611;75.0;16;80.0
612;75.0;16;80.0
613;75.0;16;80.0
614;75.0;16;80.0
615;75.0;16;80.0
616;75.0;16;80.0
617;75.0;16;80.0
618;75.0;16;80.0
619;75.0;16;80.0
620;75.0;16;80.0
621;75.0;16;80.0
622;75.0;16;80.0
623;75.0;16;80.0
624;75.0;16;80.0
625;75.0;16;80.0
626;75.0;16;80.0
627;75.0;16;80.0
628;75.0;16;80.0
629;75.0;16;80.0
630;75.0;16;80.0
631;75.0;16;80.0
632;75.0;16;80.0
633;75.0;16;80.0
634;75.0;16;80.0
635;75.0;16;80.0
636;75.0;16;80.0
637;75.0;16;80.0
638;75.0;16;80.0
639;75.0;16;80.0
640;75.0;16;80.0
641;75.0;16;80.0
642;75.0;16;80.0
643;75.0;16;80.0
644;75.0;16;80.0
645;75.0;16;80.0
646;75.0;16;80.0
647;75.0;16;80.0
648;75.0;16;80.0
649;75.0;16;80.0
650;75.0;16;80.0
651;74.0;16;80.0
652;74.0;16;80.0
653;74.0;16;80.0
654;73.0;16;80.0
655;74.0;16;80.0
656;75.0;16;80.0
657;75.0;16;80.0
658;75.0;16;80.0
659;75.0;16;80.0
660;75.0;16;80.0
661;75.0;16;80.0
662;75.0;16;80.0
663;75.0;16;80.0
664;75.0;16;80.0
665;74.0;16;80.0
666;74.0;16;80.0
667;74.0;16;80.0
668;73.0;16;80.0
669;73.0;16;80.0
670;73.0;16;80.0
671;73.0;16;80.0
672;73.0;16;80.0
673;73.0;16;80.0
674;73.0;16;80.0
675;72.0;16;80.0
676;72.0;16;80.0
677;72.0;16;80.0
678;72.0;16;80.0
679;72.0;16;80.0
680;72.0;16;80.0
681;72.0;16;80.0
682;72.0;16;80.0
683;72.0;16;80.0
684;72.0;16;80.0
685;72.0;16;80.0
686;72.0;16;80.0
687;72.0;16;80.0
688;72.0;16;80.0
689;72.0;16;80.0
690;72.0;16;80.0
691;72.0;16;80.0
692;72.0;16;80.0
693;72.0;16;80.0
694;72.0;16;80.0
695;72.0;16;80.0
696;72.0;16;80.0
697;72.0;16;80.0
698;72.0;16;80.0
699;72.0;16;80.0
700;72.0;16;80.0
701;72.0;16;80.0
702;72.0;16;80.0
703;72.0;16;80.0
704;72.0;16;80.0
705;72.0;16;80.0
706;72.0;16;80.0
707;72.0;16;80.0
708;72.0;16;80.0
709;72.0;16;80.0
710;72.0;16;80.0
711;72.0;16;80.0
712;72.0;16;80.0
713;72.0;16;80.0
714;72.0;16;80.0
715;72.0;16;80.0
716;72.0;16;80.0
717;72.0;16;80.0
718;72.0;16;80.0
719;72.0;16;80.0
720;72.0;16;80.0
721;72.0;16;80.0
722;72.0;16;80.0
723;72.0;16;80.0
724;72.0;16;80.0
725;72.0;16;80.0
726;72.0;16;80.0
727;72.0;16;80.0
728;72.0;16;80.0
729;72.0;16;80.0
730;72.0;16;80.0
731;72.0;16;80.0
732;72.0;16;80.0
733;72.0;16;80.0
734;72.0;16;80.0
735;72.0;16;80.0
736;72.0;16;80.0
737;72.0;16;80.0
738;72.0;16;80.0
739;72.0;16;80.0
740;72.0;16;80.0
741;72.0;16;80.0
742;72.0;16;80.0
743;72.0;16;80.0
744;72.0;16;80.0
745;72.0;16;80.0
746;72.0;16;80.0
747;72.0;16;80.0
748;72.0;16;80.0
749;72.0;16;80.0
750;72.0;16;80.0
751;72.0;16;80.0
752;72.0;16;80.0
753;72.0;16;80.0
754;72.0;16;80.0
755;72.0;16;80.0
756;72.0;16;80.0
757;72.0;16;80.0
758;72.0;16;80.0
759;72.0;16;80.0
760;72.0;16;80.0
761;72.0;16;80.0
762;72.0;16;80.0
763;72.0;16;80.0
764;72.0;16;80.0
765;72.0;16;80.0
766;72.0;16;80.0
767;72.0;16;80.0
768;72.0;16;80.0
769;72.0;16;80.0
770;72.0;16;80.0
771;72.0;16;80.0
772;72.0;16;80.0
773;72.0;16;80.0
774;72.0;16;80.0
775;72.0;16;80.0
776;72.0;16;80.0
777;72.0;16;80.0
778;72.0;16;80.0
779;72.0;16;80.0
780;72.0;16;80.0
781;72.0;16;80.0
782;72.0;16;80.0
783;72.0;16;80.0
784;72.0;16;80.0
785;72.0;16;80.0
786;72.0;16;80.0
787;72.0;16;80.0
788;72.0;16;80.0
789;72.0;16;80.0
790;72.0;16;80.0
791;72.0;16;80.0
792;72.0;16;80.0
793;72.0;16;80.0
794;72.0;16;80.0
795;72.0;16;80.0
796;72.0;16;80.0
797;72.0;16;80.0
798;72.0;16;80.0
799;72.0;16;80.0
800;73.0;16;80.0
801;71.0;16;80.0
802;71.0;16;80.0
803;71.0;16;80.0
804;71.0;16;80.0
805;71.0;16;80.0
806;71.0;16;80.0
807;71.0;16;80.0
808;71.0;16;80.0
809;71.0;16;80.0
810;71.0;16;80.0
811;71.0;16;80.0
812;71.0;16;80.0
813;71.0;16;80.0
814;71.0;16;80.0
815;71.0;16;80.0
816;71.0;16;80.0
817;71.0;16;80.0
818;71.0;16;80.0
819;71.0;16;80.0
820;71.0;16;80.0
821;71.0;16;80.0
822;71.0;16;80.0
823;71.0;16;80.0
824;71.0;16;80.0
825;71.0;16;80.0
826;71.0;16;80.0
827;71.0;16;80.0
828;70.0;16;80.0
829;70.0;16;80.0
830;70.0;16;80.0
831;70.0;16;80.0
832;70.0;16;80.0
833;70.0;16;80.0
834;70.0;16;80.0
835;70.0;16;80.0
836;70.0;16;80.0
837;70.0;16;80.0
838;70.0;16;80.0
839;70.0;16;80.0
840;71.0;16;80.0
841;70.0;16;80.0
842;70.0;16;80.0
843;70.0;16;80.0
844;70.0;16;80.0
845;70.0;16;80.0
846;70.0;16;80.0
847;70.0;16;80.0
848;70.0;16;80.0
849;70.0;16;80.0
850;70.0;16;80.0
851;70.0;16;80.0
852;70.0;16;80.0
853;70.0;16;80.0
854;70.0;16;80.0
855;70.0;16;80.0
856;70.0;16;80.0
857;70.0;16;80.0
858;70.0;16;80.0
859;70.0;16;80.0
860;71.0;16;80.0
861;71.0;16;80.0
862;71.0;16;80.0
863;71.0;16;80.0
864;71.0;16;80.0
865;71.0;16;80.0
866;71.0;16;80.0
867;71.0;16;80.0
868;69.0;16;80.0
869;70.0;16;80.0
870;70.0;16;80.0
871;73.0;16;80.0
872;69.0;16;80.0
873;69.0;16;80.0
874;69.0;16;80.0
875;69.0;16;80.0
876;69.0;16;80.0
877;69.0;16;80.0
878;69.0;16;80.0
879;69.0;16;80.0
880;69.0;16;80.0
881;69.0;16;80.0
882;69.0;16;80.0
883;69.0;16;80.0
884;68.0;16;80.0
885;68.0;16;80.0
886;67.0;16;80.0
887;67.0;16;80.0
888;67.0;16;80.0
889;67.0;16;80.0
890;67.0;16;80.0
891;67.0;16;80.0
892;67.0;16;80.0
893;67.0;16;80.0
894;67.0;16;80.0
895;66.0;16;80.0
896;69.0;16;80.0
897;69.0;16;80.0
898;69.0;16;80.0
899;68.0;16;80.0
900;68.0;16;80.0
901;68.0;16;80.0
902;68.0;16;80.0
903;68.0;16;80.0
904;68.0;16;80.0
905;68.0;16;80.0
906;68.0;16;80.0
907;68.0;16;80.0
908;68.0;16;80.0
909;68.0;16;80.0
910;68.0;16;80.0
911;68.0;16;80.0
912;71.0;16;80.0
913;71.0;16;80.0
914;71.0;16;80.0
915;69.0;16;80.0
916;69.0;16;80.0
917;69.0;16;80.0
918;69.0;16;80.0
919;69.0;16;80.0
920;69.0;16;80.0
921;69.0;16;80.0
922;69.0;16;80.0
923;69.0;16;80.0
924;69.0;16;80.0
925;69.0;16;80.0
926;69.0;16;80.0
927;69.0;16;80.0
928;69.0;16;80.0
929;69.0;16;80.0
930;69.0;16;80.0
931;69.0;16;80.0
932;70.0;16;80.0
933;69.0;16;80.0
934;69.0;16;80.0
935;69.0;16;80.0
936;69.0;16;80.0
937;69.0;16;80.0
938;69.0;16;80.0
939;69.0;16;80.0
940;69.0;16;80.0
941;69.0;16;80.0
942;69.0;16;80.0
943;69.0;16;80.0
944;69.0;16;80.0
945;69.0;16;80.0
946;69.0;16;80.0
947;69.0;16;80.0
948;69.0;16;80.0
949;69.0;16;80.0
950;69.0;16;80.0
951;69.0;16;80.0
952;69.0;16;80.0
953;70.0;16;80.0
954;70.0;16;80.0
955;70.0;16;80.0
956;70.0;16;80.0
957;70.0;16;80.0
958;70.0;16;80.0
959;70.0;16;80.0
960;70.0;16;80.0
961;70.0;16;80.0
962;70.0;16;80.0
963;70.0;16;80.0
964;70.0;16;80.0
965;71.0;16;80.0
966;71.0;16;80.0
967;71.0;16;80.0
968;71.0;16;80.0
969;71.0;16;80.0
970;71.0;16;80.0
971;71.0;16;80.0
972;71.0;16;80.0
973;71.0;16;80.0
974;71.0;16;80.0
975;71.0;16;80.0
976;71.0;16;80.0
977;71.0;16;80.0
978;71.0;16;80.0
979;71.0;16;80.0
980;71.0;16;80.0
981;69.0;16;80.0
982;71.0;16;80.0
983;70.0;16;80.0
984;70.0;16;80.0
985;70.0;16;80.0
986;70.0;16;80.0
987;70.0;16;80.0
988;70.0;16;80.0
989;70.0;16;80.0
990;70.0;16;80.0
991;70.0;16;80.0
992;70.0;16;80.0
993;70.0;16;80.0
994;70.0;16;80.0
995;70.0;16;80.0
996;70.0;16;80.0
997;70.0;16;80.0
998;70.0;16;80.0
999;70.0;16;80.0
1000;70.0;16;80.0
