Layers: [784, 700, 500, 10]
Seed: 1231
Learning rate: 0.004
Activation function: sigmoid
Output function: softmax
Epochs: 1000
Inverted: True
Thresholded: False
Threshold_value: 127
Part of dataset: 100
Epochs;Accuracy;MAX_Epoch;MAX
1;36.0;1;36.0
2;53.0;2;53.0
3;67.0;3;67.0
4;74.0;4;74.0
5;79.0;5;79.0
6;79.0;5;79.0
7;80.0;7;80.0
8;81.0;8;81.0
9;82.0;9;82.0
10;85.0;10;85.0
11;88.0;11;88.0
12;88.0;11;88.0
13;85.0;11;88.0
14;86.0;11;88.0
15;89.0;15;89.0
16;89.0;15;89.0
17;91.0;17;91.0
18;88.0;17;91.0
19;89.0;17;91.0
20;90.0;17;91.0
21;88.0;17;91.0
22;90.0;17;91.0
23;89.0;17;91.0
24;91.0;17;91.0
25;90.0;17;91.0
26;87.0;17;91.0
27;88.0;17;91.0
28;87.0;17;91.0
29;89.0;17;91.0
30;87.0;17;91.0
31;88.0;17;91.0
32;87.0;17;91.0
33;90.0;17;91.0
34;89.0;17;91.0
35;89.0;17;91.0
36;90.0;17;91.0
37;89.0;17;91.0
38;89.0;17;91.0
39;91.0;17;91.0
40;89.0;17;91.0
41;90.0;17;91.0
42;89.0;17;91.0
43;90.0;17;91.0
44;90.0;17;91.0
45;89.0;17;91.0
46;89.0;17;91.0
47;89.0;17;91.0
48;89.0;17;91.0
49;89.0;17;91.0
50;89.0;17;91.0
51;90.0;17;91.0
52;91.0;17;91.0
53;91.0;17;91.0
54;91.0;17;91.0
55;91.0;17;91.0
56;91.0;17;91.0
57;89.0;17;91.0
58;89.0;17;91.0
59;90.0;17;91.0
60;90.0;17;91.0
61;90.0;17;91.0
62;90.0;17;91.0
63;89.0;17;91.0
64;89.0;17;91.0
65;89.0;17;91.0
66;89.0;17;91.0
67;89.0;17;91.0
68;89.0;17;91.0
69;89.0;17;91.0
70;89.0;17;91.0
71;89.0;17;91.0
72;89.0;17;91.0
73;89.0;17;91.0
74;89.0;17;91.0
75;89.0;17;91.0
76;89.0;17;91.0
77;89.0;17;91.0
78;89.0;17;91.0
79;89.0;17;91.0
80;89.0;17;91.0
81;89.0;17;91.0
82;89.0;17;91.0
83;89.0;17;91.0
84;89.0;17;91.0
85;89.0;17;91.0
86;89.0;17;91.0
87;89.0;17;91.0
88;89.0;17;91.0
89;89.0;17;91.0
90;89.0;17;91.0
91;89.0;17;91.0
92;89.0;17;91.0
93;89.0;17;91.0
94;89.0;17;91.0
95;90.0;17;91.0
96;90.0;17;91.0
97;90.0;17;91.0
98;90.0;17;91.0
99;90.0;17;91.0
100;90.0;17;91.0
101;90.0;17;91.0
102;90.0;17;91.0
103;90.0;17;91.0
104;90.0;17;91.0
105;90.0;17;91.0
106;90.0;17;91.0
107;90.0;17;91.0
108;90.0;17;91.0
109;90.0;17;91.0
110;90.0;17;91.0
111;90.0;17;91.0
112;90.0;17;91.0
113;90.0;17;91.0
114;90.0;17;91.0
115;90.0;17;91.0
116;90.0;17;91.0
117;90.0;17;91.0
118;90.0;17;91.0
119;90.0;17;91.0
120;90.0;17;91.0
121;90.0;17;91.0
122;90.0;17;91.0
123;90.0;17;91.0
124;90.0;17;91.0
125;90.0;17;91.0
126;90.0;17;91.0
127;90.0;17;91.0
128;90.0;17;91.0
129;90.0;17;91.0
130;90.0;17;91.0
131;90.0;17;91.0
132;90.0;17;91.0
133;90.0;17;91.0
134;90.0;17;91.0
135;90.0;17;91.0
136;90.0;17;91.0
137;90.0;17;91.0
138;90.0;17;91.0
139;90.0;17;91.0
140;90.0;17;91.0
141;90.0;17;91.0
142;90.0;17;91.0
143;90.0;17;91.0
144;90.0;17;91.0
145;90.0;17;91.0
146;90.0;17;91.0
147;90.0;17;91.0
148;90.0;17;91.0
149;90.0;17;91.0
150;90.0;17;91.0
151;90.0;17;91.0
152;90.0;17;91.0
153;90.0;17;91.0
154;90.0;17;91.0
155;90.0;17;91.0
156;89.0;17;91.0
157;89.0;17;91.0
158;89.0;17;91.0
159;89.0;17;91.0
160;89.0;17;91.0
161;89.0;17;91.0
162;89.0;17;91.0
163;89.0;17;91.0
164;89.0;17;91.0
165;89.0;17;91.0
166;89.0;17;91.0
167;89.0;17;91.0
168;89.0;17;91.0
169;89.0;17;91.0
170;89.0;17;91.0
171;89.0;17;91.0
172;89.0;17;91.0
173;89.0;17;91.0
174;89.0;17;91.0
175;89.0;17;91.0
176;89.0;17;91.0
177;89.0;17;91.0
178;89.0;17;91.0
179;89.0;17;91.0
180;89.0;17;91.0
181;89.0;17;91.0
182;89.0;17;91.0
183;89.0;17;91.0
184;89.0;17;91.0
185;89.0;17;91.0
186;89.0;17;91.0
187;89.0;17;91.0
188;89.0;17;91.0
189;89.0;17;91.0
190;89.0;17;91.0
191;89.0;17;91.0
192;89.0;17;91.0
193;89.0;17;91.0
194;89.0;17;91.0
195;89.0;17;91.0
196;89.0;17;91.0
197;89.0;17;91.0
198;89.0;17;91.0
199;89.0;17;91.0
200;89.0;17;91.0
201;89.0;17;91.0
202;89.0;17;91.0
203;89.0;17;91.0
204;89.0;17;91.0
205;89.0;17;91.0
206;89.0;17;91.0
207;89.0;17;91.0
208;89.0;17;91.0
209;89.0;17;91.0
210;89.0;17;91.0
211;89.0;17;91.0
212;89.0;17;91.0
213;89.0;17;91.0
214;89.0;17;91.0
215;89.0;17;91.0
216;89.0;17;91.0
217;89.0;17;91.0
218;89.0;17;91.0
219;89.0;17;91.0
220;89.0;17;91.0
221;89.0;17;91.0
222;89.0;17;91.0
223;89.0;17;91.0
224;89.0;17;91.0
225;89.0;17;91.0
226;89.0;17;91.0
227;89.0;17;91.0
228;89.0;17;91.0
229;89.0;17;91.0
230;89.0;17;91.0
231;89.0;17;91.0
232;89.0;17;91.0
233;89.0;17;91.0
234;89.0;17;91.0
235;89.0;17;91.0
236;89.0;17;91.0
237;89.0;17;91.0
238;89.0;17;91.0
239;89.0;17;91.0
240;89.0;17;91.0
241;89.0;17;91.0
242;89.0;17;91.0
243;89.0;17;91.0
244;89.0;17;91.0
245;89.0;17;91.0
246;89.0;17;91.0
247;89.0;17;91.0
248;89.0;17;91.0
249;89.0;17;91.0
250;89.0;17;91.0
251;89.0;17;91.0
252;89.0;17;91.0
253;89.0;17;91.0
254;89.0;17;91.0
255;89.0;17;91.0
256;89.0;17;91.0
257;89.0;17;91.0
258;89.0;17;91.0
259;89.0;17;91.0
260;89.0;17;91.0
261;89.0;17;91.0
262;89.0;17;91.0
263;89.0;17;91.0
264;89.0;17;91.0
265;89.0;17;91.0
266;89.0;17;91.0
267;89.0;17;91.0
268;89.0;17;91.0
269;89.0;17;91.0
270;89.0;17;91.0
271;89.0;17;91.0
272;89.0;17;91.0
273;89.0;17;91.0
274;89.0;17;91.0
275;89.0;17;91.0
276;89.0;17;91.0
277;89.0;17;91.0
278;89.0;17;91.0
279;89.0;17;91.0
280;89.0;17;91.0
281;89.0;17;91.0
282;89.0;17;91.0
283;89.0;17;91.0
284;89.0;17;91.0
285;89.0;17;91.0
286;89.0;17;91.0
287;89.0;17;91.0
288;89.0;17;91.0
289;89.0;17;91.0
290;89.0;17;91.0
291;89.0;17;91.0
292;89.0;17;91.0
293;89.0;17;91.0
294;89.0;17;91.0
295;89.0;17;91.0
296;89.0;17;91.0
297;89.0;17;91.0
298;89.0;17;91.0
299;89.0;17;91.0
300;89.0;17;91.0
301;89.0;17;91.0
302;89.0;17;91.0
303;89.0;17;91.0
304;89.0;17;91.0
305;89.0;17;91.0
306;89.0;17;91.0
307;89.0;17;91.0
308;89.0;17;91.0
309;89.0;17;91.0
310;89.0;17;91.0
311;89.0;17;91.0
312;89.0;17;91.0
313;89.0;17;91.0
314;89.0;17;91.0
315;89.0;17;91.0
316;89.0;17;91.0
317;89.0;17;91.0
318;89.0;17;91.0
319;89.0;17;91.0
320;89.0;17;91.0
321;89.0;17;91.0
322;89.0;17;91.0
323;89.0;17;91.0
324;89.0;17;91.0
325;89.0;17;91.0
326;89.0;17;91.0
327;89.0;17;91.0
328;89.0;17;91.0
329;89.0;17;91.0
330;89.0;17;91.0
331;89.0;17;91.0
332;89.0;17;91.0
333;89.0;17;91.0
334;89.0;17;91.0
335;89.0;17;91.0
336;89.0;17;91.0
337;89.0;17;91.0
338;89.0;17;91.0
339;89.0;17;91.0
340;89.0;17;91.0
341;89.0;17;91.0
342;89.0;17;91.0
343;89.0;17;91.0
344;89.0;17;91.0
345;89.0;17;91.0
346;89.0;17;91.0
347;89.0;17;91.0
348;89.0;17;91.0
349;89.0;17;91.0
350;89.0;17;91.0
351;89.0;17;91.0
352;89.0;17;91.0
353;89.0;17;91.0
354;89.0;17;91.0
355;89.0;17;91.0
356;89.0;17;91.0
357;89.0;17;91.0
358;89.0;17;91.0
359;89.0;17;91.0
360;89.0;17;91.0
361;89.0;17;91.0
362;89.0;17;91.0
363;89.0;17;91.0
364;89.0;17;91.0
365;89.0;17;91.0
366;89.0;17;91.0
367;89.0;17;91.0
368;89.0;17;91.0
369;89.0;17;91.0
370;89.0;17;91.0
371;89.0;17;91.0
372;89.0;17;91.0
373;89.0;17;91.0
374;89.0;17;91.0
375;89.0;17;91.0
376;89.0;17;91.0
377;89.0;17;91.0
378;89.0;17;91.0
379;89.0;17;91.0
380;89.0;17;91.0
381;89.0;17;91.0
382;89.0;17;91.0
383;89.0;17;91.0
384;89.0;17;91.0
385;89.0;17;91.0
386;89.0;17;91.0
387;89.0;17;91.0
388;89.0;17;91.0
389;89.0;17;91.0
390;89.0;17;91.0
391;89.0;17;91.0
392;89.0;17;91.0
393;89.0;17;91.0
394;89.0;17;91.0
395;89.0;17;91.0
396;89.0;17;91.0
397;89.0;17;91.0
398;89.0;17;91.0
399;89.0;17;91.0
400;89.0;17;91.0
401;89.0;17;91.0
402;89.0;17;91.0
403;89.0;17;91.0
404;90.0;17;91.0
405;90.0;17;91.0
406;90.0;17;91.0
407;90.0;17;91.0
408;90.0;17;91.0
409;90.0;17;91.0
410;90.0;17;91.0
411;90.0;17;91.0
412;90.0;17;91.0
413;90.0;17;91.0
414;90.0;17;91.0
415;90.0;17;91.0
416;90.0;17;91.0
417;90.0;17;91.0
418;90.0;17;91.0
419;90.0;17;91.0
420;90.0;17;91.0
421;90.0;17;91.0
422;90.0;17;91.0
423;90.0;17;91.0
424;90.0;17;91.0
425;90.0;17;91.0
426;90.0;17;91.0
427;90.0;17;91.0
428;90.0;17;91.0
429;90.0;17;91.0
430;90.0;17;91.0
431;90.0;17;91.0
432;90.0;17;91.0
433;90.0;17;91.0
434;90.0;17;91.0
435;90.0;17;91.0
436;90.0;17;91.0
437;90.0;17;91.0
438;90.0;17;91.0
439;90.0;17;91.0
440;90.0;17;91.0
441;90.0;17;91.0
442;90.0;17;91.0
443;90.0;17;91.0
444;90.0;17;91.0
445;90.0;17;91.0
446;90.0;17;91.0
447;90.0;17;91.0
448;90.0;17;91.0
449;90.0;17;91.0
450;90.0;17;91.0
451;90.0;17;91.0
452;90.0;17;91.0
453;90.0;17;91.0
454;90.0;17;91.0
455;90.0;17;91.0
456;90.0;17;91.0
457;90.0;17;91.0
458;90.0;17;91.0
459;90.0;17;91.0
460;90.0;17;91.0
461;90.0;17;91.0
462;90.0;17;91.0
463;90.0;17;91.0
464;90.0;17;91.0
465;90.0;17;91.0
466;90.0;17;91.0
467;90.0;17;91.0
468;90.0;17;91.0
469;90.0;17;91.0
470;90.0;17;91.0
471;90.0;17;91.0
472;90.0;17;91.0
473;90.0;17;91.0
474;90.0;17;91.0
475;90.0;17;91.0
476;90.0;17;91.0
477;90.0;17;91.0
478;90.0;17;91.0
479;90.0;17;91.0
480;90.0;17;91.0
481;90.0;17;91.0
482;90.0;17;91.0
483;90.0;17;91.0
484;90.0;17;91.0
485;90.0;17;91.0
486;90.0;17;91.0
487;90.0;17;91.0
488;90.0;17;91.0
489;90.0;17;91.0
490;90.0;17;91.0
491;90.0;17;91.0
492;90.0;17;91.0
493;90.0;17;91.0
494;90.0;17;91.0
495;90.0;17;91.0
496;90.0;17;91.0
497;90.0;17;91.0
498;90.0;17;91.0
499;90.0;17;91.0
500;90.0;17;91.0
501;90.0;17;91.0
502;90.0;17;91.0
503;90.0;17;91.0
504;90.0;17;91.0
505;90.0;17;91.0
506;90.0;17;91.0
507;90.0;17;91.0
508;90.0;17;91.0
509;90.0;17;91.0
510;90.0;17;91.0
511;90.0;17;91.0
512;90.0;17;91.0
513;90.0;17;91.0
514;90.0;17;91.0
515;90.0;17;91.0
516;90.0;17;91.0
517;90.0;17;91.0
518;90.0;17;91.0
519;90.0;17;91.0
520;90.0;17;91.0
521;90.0;17;91.0
522;90.0;17;91.0
523;90.0;17;91.0
524;90.0;17;91.0
525;90.0;17;91.0
526;90.0;17;91.0
527;90.0;17;91.0
528;90.0;17;91.0
529;90.0;17;91.0
530;90.0;17;91.0
531;90.0;17;91.0
532;90.0;17;91.0
533;90.0;17;91.0
534;90.0;17;91.0
535;90.0;17;91.0
536;90.0;17;91.0
537;90.0;17;91.0
538;90.0;17;91.0
539;90.0;17;91.0
540;90.0;17;91.0
541;90.0;17;91.0
542;90.0;17;91.0
543;90.0;17;91.0
544;90.0;17;91.0
545;90.0;17;91.0
546;90.0;17;91.0
547;90.0;17;91.0
548;90.0;17;91.0
549;90.0;17;91.0
550;90.0;17;91.0
551;90.0;17;91.0
552;90.0;17;91.0
553;90.0;17;91.0
554;90.0;17;91.0
555;90.0;17;91.0
556;90.0;17;91.0
557;90.0;17;91.0
558;90.0;17;91.0
559;90.0;17;91.0
560;90.0;17;91.0
561;90.0;17;91.0
562;90.0;17;91.0
563;90.0;17;91.0
564;90.0;17;91.0
565;90.0;17;91.0
566;90.0;17;91.0
567;90.0;17;91.0
568;90.0;17;91.0
569;90.0;17;91.0
570;90.0;17;91.0
571;90.0;17;91.0
572;90.0;17;91.0
573;90.0;17;91.0
574;90.0;17;91.0
575;90.0;17;91.0
576;90.0;17;91.0
577;90.0;17;91.0
578;90.0;17;91.0
579;90.0;17;91.0
580;90.0;17;91.0
581;90.0;17;91.0
582;90.0;17;91.0
583;90.0;17;91.0
584;90.0;17;91.0
585;90.0;17;91.0
586;90.0;17;91.0
587;90.0;17;91.0
588;90.0;17;91.0
589;90.0;17;91.0
590;90.0;17;91.0
591;90.0;17;91.0
592;90.0;17;91.0
593;90.0;17;91.0
594;90.0;17;91.0
595;90.0;17;91.0
596;90.0;17;91.0
597;90.0;17;91.0
598;90.0;17;91.0
599;90.0;17;91.0
600;90.0;17;91.0
601;90.0;17;91.0
602;90.0;17;91.0
603;90.0;17;91.0
604;90.0;17;91.0
605;90.0;17;91.0
606;90.0;17;91.0
607;90.0;17;91.0
608;90.0;17;91.0
609;90.0;17;91.0
610;90.0;17;91.0
611;90.0;17;91.0
612;90.0;17;91.0
613;90.0;17;91.0
614;90.0;17;91.0
615;90.0;17;91.0
616;90.0;17;91.0
617;90.0;17;91.0
618;90.0;17;91.0
619;90.0;17;91.0
620;90.0;17;91.0
621;90.0;17;91.0
622;90.0;17;91.0
623;90.0;17;91.0
624;90.0;17;91.0
625;90.0;17;91.0
626;90.0;17;91.0
627;90.0;17;91.0
628;90.0;17;91.0
629;90.0;17;91.0
630;90.0;17;91.0
631;90.0;17;91.0
632;90.0;17;91.0
633;90.0;17;91.0
634;90.0;17;91.0
635;90.0;17;91.0
636;90.0;17;91.0
637;90.0;17;91.0
638;90.0;17;91.0
639;90.0;17;91.0
640;90.0;17;91.0
641;90.0;17;91.0
642;90.0;17;91.0
643;90.0;17;91.0
644;90.0;17;91.0
645;90.0;17;91.0
646;90.0;17;91.0
647;90.0;17;91.0
648;90.0;17;91.0
649;90.0;17;91.0
650;90.0;17;91.0
651;90.0;17;91.0
652;90.0;17;91.0
653;90.0;17;91.0
654;90.0;17;91.0
655;90.0;17;91.0
656;90.0;17;91.0
657;90.0;17;91.0
658;90.0;17;91.0
659;90.0;17;91.0
660;90.0;17;91.0
661;90.0;17;91.0
662;90.0;17;91.0
663;90.0;17;91.0
664;90.0;17;91.0
665;90.0;17;91.0
666;90.0;17;91.0
667;90.0;17;91.0
668;90.0;17;91.0
669;90.0;17;91.0
670;90.0;17;91.0
671;90.0;17;91.0
672;90.0;17;91.0
673;90.0;17;91.0
674;90.0;17;91.0
675;90.0;17;91.0
676;90.0;17;91.0
677;90.0;17;91.0
678;90.0;17;91.0
679;90.0;17;91.0
680;90.0;17;91.0
681;90.0;17;91.0
682;90.0;17;91.0
683;90.0;17;91.0
684;90.0;17;91.0
685;90.0;17;91.0
686;90.0;17;91.0
687;90.0;17;91.0
688;90.0;17;91.0
689;90.0;17;91.0
690;90.0;17;91.0
691;90.0;17;91.0
692;90.0;17;91.0
693;90.0;17;91.0
694;90.0;17;91.0
695;90.0;17;91.0
696;90.0;17;91.0
697;90.0;17;91.0
698;90.0;17;91.0
699;90.0;17;91.0
700;90.0;17;91.0
701;90.0;17;91.0
702;90.0;17;91.0
703;90.0;17;91.0
704;90.0;17;91.0
705;90.0;17;91.0
706;90.0;17;91.0
707;90.0;17;91.0
708;90.0;17;91.0
709;90.0;17;91.0
710;90.0;17;91.0
711;90.0;17;91.0
712;90.0;17;91.0
713;90.0;17;91.0
714;90.0;17;91.0
715;90.0;17;91.0
716;90.0;17;91.0
717;90.0;17;91.0
718;90.0;17;91.0
719;90.0;17;91.0
720;90.0;17;91.0
721;90.0;17;91.0
722;90.0;17;91.0
723;90.0;17;91.0
724;90.0;17;91.0
725;90.0;17;91.0
726;90.0;17;91.0
727;90.0;17;91.0
728;90.0;17;91.0
729;90.0;17;91.0
730;90.0;17;91.0
731;90.0;17;91.0
732;90.0;17;91.0
733;90.0;17;91.0
734;90.0;17;91.0
735;90.0;17;91.0
736;90.0;17;91.0
737;90.0;17;91.0
738;90.0;17;91.0
739;90.0;17;91.0
740;90.0;17;91.0
741;90.0;17;91.0
742;90.0;17;91.0
743;90.0;17;91.0
744;90.0;17;91.0
745;90.0;17;91.0
746;90.0;17;91.0
747;90.0;17;91.0
748;90.0;17;91.0
749;90.0;17;91.0
750;90.0;17;91.0
751;90.0;17;91.0
752;90.0;17;91.0
753;90.0;17;91.0
754;90.0;17;91.0
755;90.0;17;91.0
756;90.0;17;91.0
757;90.0;17;91.0
758;90.0;17;91.0
759;90.0;17;91.0
760;90.0;17;91.0
761;90.0;17;91.0
762;90.0;17;91.0
763;90.0;17;91.0
764;90.0;17;91.0
765;90.0;17;91.0
766;90.0;17;91.0
767;90.0;17;91.0
768;90.0;17;91.0
769;90.0;17;91.0
770;90.0;17;91.0
771;90.0;17;91.0
772;90.0;17;91.0
773;90.0;17;91.0
774;90.0;17;91.0
775;90.0;17;91.0
776;90.0;17;91.0
777;90.0;17;91.0
778;90.0;17;91.0
779;90.0;17;91.0
780;90.0;17;91.0
781;90.0;17;91.0
782;90.0;17;91.0
783;90.0;17;91.0
784;90.0;17;91.0
785;90.0;17;91.0
786;90.0;17;91.0
787;90.0;17;91.0
788;90.0;17;91.0
789;90.0;17;91.0
790;90.0;17;91.0
791;90.0;17;91.0
792;90.0;17;91.0
793;90.0;17;91.0
794;90.0;17;91.0
795;90.0;17;91.0
796;90.0;17;91.0
797;90.0;17;91.0
798;90.0;17;91.0
799;90.0;17;91.0
800;90.0;17;91.0
801;90.0;17;91.0
802;90.0;17;91.0
803;90.0;17;91.0
804;90.0;17;91.0
805;90.0;17;91.0
806;90.0;17;91.0
807;90.0;17;91.0
808;90.0;17;91.0
809;90.0;17;91.0
810;90.0;17;91.0
811;90.0;17;91.0
812;90.0;17;91.0
813;90.0;17;91.0
814;90.0;17;91.0
815;90.0;17;91.0
816;90.0;17;91.0
817;90.0;17;91.0
818;90.0;17;91.0
819;90.0;17;91.0
820;90.0;17;91.0
821;90.0;17;91.0
822;90.0;17;91.0
823;90.0;17;91.0
824;90.0;17;91.0
825;90.0;17;91.0
826;90.0;17;91.0
827;90.0;17;91.0
828;90.0;17;91.0
829;90.0;17;91.0
830;90.0;17;91.0
831;90.0;17;91.0
832;90.0;17;91.0
833;90.0;17;91.0
834;90.0;17;91.0
835;90.0;17;91.0
836;90.0;17;91.0
837;90.0;17;91.0
838;90.0;17;91.0
839;90.0;17;91.0
840;90.0;17;91.0
841;90.0;17;91.0
842;90.0;17;91.0
843;90.0;17;91.0
844;90.0;17;91.0
845;90.0;17;91.0
846;90.0;17;91.0
847;90.0;17;91.0
848;90.0;17;91.0
849;90.0;17;91.0
850;90.0;17;91.0
851;90.0;17;91.0
852;90.0;17;91.0
853;90.0;17;91.0
854;90.0;17;91.0
855;90.0;17;91.0
856;90.0;17;91.0
857;90.0;17;91.0
858;90.0;17;91.0
859;90.0;17;91.0
860;90.0;17;91.0
861;90.0;17;91.0
862;90.0;17;91.0
863;90.0;17;91.0
864;90.0;17;91.0
865;90.0;17;91.0
866;90.0;17;91.0
867;90.0;17;91.0
868;90.0;17;91.0
869;90.0;17;91.0
870;90.0;17;91.0
871;90.0;17;91.0
872;90.0;17;91.0
873;90.0;17;91.0
874;90.0;17;91.0
875;90.0;17;91.0
876;90.0;17;91.0
877;90.0;17;91.0
878;90.0;17;91.0
879;90.0;17;91.0
880;90.0;17;91.0
881;90.0;17;91.0
882;90.0;17;91.0
883;90.0;17;91.0
884;90.0;17;91.0
885;90.0;17;91.0
886;90.0;17;91.0
887;90.0;17;91.0
888;90.0;17;91.0
889;90.0;17;91.0
890;90.0;17;91.0
891;90.0;17;91.0
892;90.0;17;91.0
893;90.0;17;91.0
894;90.0;17;91.0
895;90.0;17;91.0
896;90.0;17;91.0
897;90.0;17;91.0
898;90.0;17;91.0
899;90.0;17;91.0
900;90.0;17;91.0
901;90.0;17;91.0
902;90.0;17;91.0
903;90.0;17;91.0
904;90.0;17;91.0
905;90.0;17;91.0
906;90.0;17;91.0
907;90.0;17;91.0
908;90.0;17;91.0
909;90.0;17;91.0
910;90.0;17;91.0
911;90.0;17;91.0
912;90.0;17;91.0
913;90.0;17;91.0
914;90.0;17;91.0
915;90.0;17;91.0
916;90.0;17;91.0
917;90.0;17;91.0
918;90.0;17;91.0
919;90.0;17;91.0
920;90.0;17;91.0
921;90.0;17;91.0
922;90.0;17;91.0
923;90.0;17;91.0
924;90.0;17;91.0
925;90.0;17;91.0
926;90.0;17;91.0
927;90.0;17;91.0
928;90.0;17;91.0
929;90.0;17;91.0
930;90.0;17;91.0
931;90.0;17;91.0
932;90.0;17;91.0
933;90.0;17;91.0
934;90.0;17;91.0
935;90.0;17;91.0
936;90.0;17;91.0
937;90.0;17;91.0
938;90.0;17;91.0
939;90.0;17;91.0
940;90.0;17;91.0
941;90.0;17;91.0
942;90.0;17;91.0
943;90.0;17;91.0
944;90.0;17;91.0
945;90.0;17;91.0
946;90.0;17;91.0
947;90.0;17;91.0
948;90.0;17;91.0
949;90.0;17;91.0
950;90.0;17;91.0
951;90.0;17;91.0
952;90.0;17;91.0
953;90.0;17;91.0
954;90.0;17;91.0
955;90.0;17;91.0
956;90.0;17;91.0
957;90.0;17;91.0
958;90.0;17;91.0
959;90.0;17;91.0
960;90.0;17;91.0
961;90.0;17;91.0
962;90.0;17;91.0
963;90.0;17;91.0
964;90.0;17;91.0
965;90.0;17;91.0
966;90.0;17;91.0
967;90.0;17;91.0
968;90.0;17;91.0
969;90.0;17;91.0
970;90.0;17;91.0
971;90.0;17;91.0
972;90.0;17;91.0
973;90.0;17;91.0
974;90.0;17;91.0
975;90.0;17;91.0
976;90.0;17;91.0
977;90.0;17;91.0
978;90.0;17;91.0
979;90.0;17;91.0
980;90.0;17;91.0
981;90.0;17;91.0
982;90.0;17;91.0
983;90.0;17;91.0
984;90.0;17;91.0
985;90.0;17;91.0
986;90.0;17;91.0
987;90.0;17;91.0
988;90.0;17;91.0
989;90.0;17;91.0
990;90.0;17;91.0
991;90.0;17;91.0
992;90.0;17;91.0
993;90.0;17;91.0
994;90.0;17;91.0
995;90.0;17;91.0
996;90.0;17;91.0
997;90.0;17;91.0
998;90.0;17;91.0
999;90.0;17;91.0
1000;90.0;17;91.0
