Layers: [784, 700, 500, 10]
Seed: 51
Learning rate: 0.0003
Activation function: sigmoid
Output function: softmax
Epochs: 1000
Inverted: True
Thresholded: False
Threshold_value: 127
Epochs;Accuracy;MAX_Epoch;MAX
1;89.82;1;89.82
2;92.09;2;92.09
3;93.08;3;93.08
4;93.8;4;93.8
5;94.12;5;94.12
6;94.54;6;94.54
7;94.92;7;94.92
8;95.23;8;95.23
9;95.28999999999999;9;95.28999999999999
10;95.71;10;95.71
11;95.63000000000001;10;95.71
12;96.00999999999999;12;96.00999999999999
13;95.92;12;96.00999999999999
14;96.13000000000001;14;96.13000000000001
15;96.28;15;96.28
16;96.38;16;96.38
17;96.55;17;96.55
18;96.33;17;96.55
19;96.47;17;96.55
20;96.6;20;96.6
21;96.5;20;96.6
22;96.76;22;96.76
23;96.85000000000001;23;96.85000000000001
24;96.89999999999999;24;96.89999999999999
25;96.91;25;96.91
26;96.83;25;96.91
27;97.07000000000001;27;97.07000000000001
28;96.92;27;97.07000000000001
29;97.1;29;97.1
30;97.09;29;97.1
31;96.97;29;97.1
32;97.07000000000001;29;97.1
33;97.19;33;97.19
34;97.14;33;97.19
35;97.23;35;97.23
36;97.38;36;97.38
37;97.11999999999999;36;97.38
38;97.28;36;97.38
39;97.23;36;97.38
40;97.34;36;97.38
41;97.43;41;97.43
42;97.22;41;97.43
43;97.24000000000001;41;97.43
44;97.27;41;97.43
45;97.35000000000001;41;97.43
46;97.31;41;97.43
47;97.44;47;97.44
48;97.58;48;97.58
49;97.50999999999999;48;97.58
50;97.35000000000001;48;97.58
51;97.42;48;97.58
52;97.39999999999999;48;97.58
53;97.61999999999999;53;97.61999999999999
54;97.52;53;97.61999999999999
55;97.61999999999999;53;97.61999999999999
56;97.36;53;97.61999999999999
57;97.37;53;97.61999999999999
58;97.43;53;97.61999999999999
59;97.52;53;97.61999999999999
60;97.50999999999999;53;97.61999999999999
61;97.7;61;97.7
62;97.54;61;97.7
63;97.37;61;97.7
64;97.54;61;97.7
65;97.46000000000001;61;97.7
66;97.54;61;97.7
67;97.43;61;97.7
68;97.57000000000001;61;97.7
69;97.50999999999999;61;97.7
70;97.49;61;97.7
71;97.57000000000001;61;97.7
72;97.56;61;97.7
73;97.72999999999999;73;97.72999999999999
74;97.39;73;97.72999999999999
75;97.48;73;97.72999999999999
76;97.63;73;97.72999999999999
77;97.56;73;97.72999999999999
78;97.66;73;97.72999999999999
79;97.5;73;97.72999999999999
80;97.54;73;97.72999999999999
81;97.61999999999999;73;97.72999999999999
82;97.56;73;97.72999999999999
83;97.56;73;97.72999999999999
84;97.54;73;97.72999999999999
85;97.67;73;97.72999999999999
86;97.21;73;97.72999999999999
87;97.38;73;97.72999999999999
88;97.49;73;97.72999999999999
89;97.59;73;97.72999999999999
90;97.63;73;97.72999999999999
91;97.67;73;97.72999999999999
92;97.61999999999999;73;97.72999999999999
93;97.52;73;97.72999999999999
