Layers: [784, 512, 10]
Seed: 51
Learning rate: 0.0003
Activation function: sigmoid
Output function: softmax
Epochs: 1000
BIAS: False
Inverted: False
Thresholded: False
Threshold_value: 127
Epochs;Accuracy;MAX_Epoch;MAX
1;91.95;1;91.95
2;93.58999999999999;2;93.58999999999999
3;94.17;3;94.17
4;94.71000000000001;4;94.71000000000001
5;95.3;5;95.3
6;95.52000000000001;6;95.52000000000001
7;95.45;6;95.52000000000001
8;95.76;8;95.76
9;96.08;9;96.08
10;95.89999999999999;9;96.08
11;96.04;9;96.08
12;96.37;12;96.37
13;96.39999999999999;13;96.39999999999999
14;96.48;14;96.48
15;96.66;15;96.66
16;96.74000000000001;16;96.74000000000001
17;96.61999999999999;16;96.74000000000001
18;96.75;18;96.75
19;96.83;19;96.83
20;96.87;20;96.87
21;96.94;21;96.94
22;97.00999999999999;22;97.00999999999999
23;96.94;22;97.00999999999999
24;97.02;24;97.02
25;96.95;24;97.02
26;97.17;26;97.17
27;97.04;26;97.17
28;97.21;28;97.21
29;97.16;28;97.21
30;97.2;28;97.21
31;97.15;28;97.21
32;97.27;32;97.27
33;97.22;32;97.27
34;97.21;32;97.27
35;97.22;32;97.27
36;97.28999999999999;36;97.28999999999999
37;97.33000000000001;37;97.33000000000001
38;97.37;38;97.37
39;97.53;39;97.53
40;97.39;39;97.53
41;97.43;39;97.53
42;97.5;39;97.53
43;97.50999999999999;39;97.53
44;97.61999999999999;44;97.61999999999999
45;97.5;44;97.61999999999999
46;97.65;46;97.65
47;97.57000000000001;46;97.65
48;97.46000000000001;46;97.65
49;97.54;46;97.65
50;97.52;46;97.65
51;97.57000000000001;46;97.65
52;97.48;46;97.65
53;97.49;46;97.65
54;97.63;46;97.65
55;97.61999999999999;46;97.65
56;97.53;46;97.65
57;97.56;46;97.65
58;97.69;58;97.69
59;97.63;58;97.69
60;97.54;58;97.69
61;97.67;58;97.69
62;97.6;58;97.69
63;97.61999999999999;58;97.69
64;97.65;58;97.69
65;97.57000000000001;58;97.69
66;97.63;58;97.69
67;97.68;58;97.69
68;97.64;58;97.69
69;97.61;58;97.69
70;97.58;58;97.69
71;97.63;58;97.69
72;97.61;58;97.69
73;97.55;58;97.69
74;97.6;58;97.69
75;97.61;58;97.69
76;97.72999999999999;76;97.72999999999999
77;97.72;76;97.72999999999999
78;97.72999999999999;76;97.72999999999999
79;97.63;76;97.72999999999999
80;97.65;76;97.72999999999999
81;97.69;76;97.72999999999999
82;97.72999999999999;76;97.72999999999999
83;97.75;83;97.75
84;97.67;83;97.75
85;97.59;83;97.75
86;97.61999999999999;83;97.75
87;97.83;87;97.83
88;97.67;87;97.83
89;97.85000000000001;89;97.85000000000001
90;97.66;89;97.85000000000001
91;97.85000000000001;89;97.85000000000001
92;97.7;89;97.85000000000001
93;97.72;89;97.85000000000001
94;97.8;89;97.85000000000001
95;97.69;89;97.85000000000001
96;97.74000000000001;89;97.85000000000001
97;97.84;89;97.85000000000001
98;97.78999999999999;89;97.85000000000001
99;97.89;99;97.89
100;97.76;99;97.89
101;97.8;99;97.89
102;97.87;99;97.89
103;98.00999999999999;103;98.00999999999999
104;97.94;103;98.00999999999999
105;97.97;103;98.00999999999999
106;97.83;103;98.00999999999999
107;97.82;103;98.00999999999999
108;97.83;103;98.00999999999999
109;97.84;103;98.00999999999999
110;97.84;103;98.00999999999999
111;97.89999999999999;103;98.00999999999999
112;97.82;103;98.00999999999999
113;97.87;103;98.00999999999999
114;97.91;103;98.00999999999999
115;97.88;103;98.00999999999999
116;97.85000000000001;103;98.00999999999999
117;97.86;103;98.00999999999999
118;97.87;103;98.00999999999999
119;97.89999999999999;103;98.00999999999999
120;97.92;103;98.00999999999999
121;97.91;103;98.00999999999999
122;97.88;103;98.00999999999999
123;97.89;103;98.00999999999999
124;97.92;103;98.00999999999999
125;97.92;103;98.00999999999999
126;97.89999999999999;103;98.00999999999999
127;97.89999999999999;103;98.00999999999999
128;97.91;103;98.00999999999999
129;97.89999999999999;103;98.00999999999999
130;97.89999999999999;103;98.00999999999999
131;97.88;103;98.00999999999999
132;97.91;103;98.00999999999999
133;97.91;103;98.00999999999999
134;97.91;103;98.00999999999999
135;97.92;103;98.00999999999999
136;97.92;103;98.00999999999999
137;97.91;103;98.00999999999999
138;97.91;103;98.00999999999999
139;97.89;103;98.00999999999999
140;97.89999999999999;103;98.00999999999999
141;97.92;103;98.00999999999999
142;97.92;103;98.00999999999999
143;97.91;103;98.00999999999999
144;97.89999999999999;103;98.00999999999999
145;97.91;103;98.00999999999999
146;97.91;103;98.00999999999999
147;97.91;103;98.00999999999999
148;97.89999999999999;103;98.00999999999999
149;97.89999999999999;103;98.00999999999999
150;97.89;103;98.00999999999999
151;97.89;103;98.00999999999999
152;97.89;103;98.00999999999999
153;97.89;103;98.00999999999999
154;97.89;103;98.00999999999999
155;97.89;103;98.00999999999999
156;97.87;103;98.00999999999999
157;97.87;103;98.00999999999999
158;97.86;103;98.00999999999999
159;97.87;103;98.00999999999999
160;97.87;103;98.00999999999999
161;97.87;103;98.00999999999999
162;97.87;103;98.00999999999999
163;97.87;103;98.00999999999999
164;97.88;103;98.00999999999999
165;97.88;103;98.00999999999999
166;97.88;103;98.00999999999999
167;97.89;103;98.00999999999999
168;97.89;103;98.00999999999999
169;97.88;103;98.00999999999999
170;97.87;103;98.00999999999999
171;97.87;103;98.00999999999999
172;97.88;103;98.00999999999999
173;97.89999999999999;103;98.00999999999999
174;97.89;103;98.00999999999999
175;97.89;103;98.00999999999999
176;97.89;103;98.00999999999999
177;97.89;103;98.00999999999999
178;97.89;103;98.00999999999999
179;97.89;103;98.00999999999999
180;97.89;103;98.00999999999999
181;97.89;103;98.00999999999999
182;97.88;103;98.00999999999999
183;97.89999999999999;103;98.00999999999999
184;97.92;103;98.00999999999999
185;97.92;103;98.00999999999999
186;97.92;103;98.00999999999999
187;97.92;103;98.00999999999999
188;97.92;103;98.00999999999999
189;97.92;103;98.00999999999999
190;97.92999999999999;103;98.00999999999999
191;97.94;103;98.00999999999999
