Layers: [784, 700, 500, 10]
Seed: 1231
Learning rate: 0.0005
Activation function: sigmoid
Output function: softmax
Epochs: 1000
Inverted: True
Thresholded: False
Threshold_value: 127
Epochs;Accuracy;MAX_Epoch;MAX
1;90.94;1;90.94
2;92.78;2;92.78
3;93.86;3;93.86
4;94.52000000000001;4;94.52000000000001
5;94.82000000000001;5;94.82000000000001
6;95.16;6;95.16
7;95.5;7;95.5
8;95.46;7;95.5
9;95.75;9;95.75
10;95.76;10;95.76
11;96.09;11;96.09
12;96.1;12;96.1
13;95.89;12;96.1
14;96.21;14;96.21
15;96.22;15;96.22
16;96.09;15;96.22
