Layers: [784, 700, 500, 10]
Seed: 1231
Learning rate: 0.0008
Activation function: sigmoid
Output function: softmax
Epochs: 1000
Inverted: True
Thresholded: False
Threshold_value: 127
Epochs;Accuracy;MAX_Epoch;MAX
1;91.84;1;91.84
2;93.21000000000001;2;93.21000000000001
3;94.32000000000001;3;94.32000000000001
4;94.83;4;94.83
5;94.84;5;94.84
6;94.76;5;94.84
7;94.78;5;94.84
8;94.93;8;94.93
9;94.89;8;94.93
10;94.84;8;94.93
11;94.82000000000001;8;94.93
12;95.13000000000001;12;95.13000000000001
13;94.81;12;95.13000000000001
14;94.6;12;95.13000000000001
15;94.47;12;95.13000000000001
16;94.51;12;95.13000000000001
17;94.44;12;95.13000000000001
18;94.08;12;95.13000000000001
19;93.97999999999999;12;95.13000000000001
20;94.36;12;95.13000000000001
21;94.61;12;95.13000000000001
22;94.26;12;95.13000000000001
23;93.85;12;95.13000000000001
24;94.34;12;95.13000000000001
25;93.95;12;95.13000000000001
26;93.97;12;95.13000000000001
27;94.34;12;95.13000000000001
28;93.58;12;95.13000000000001
29;93.93;12;95.13000000000001
30;94.59;12;95.13000000000001
31;93.89;12;95.13000000000001
32;94.49;12;95.13000000000001
33;94.23;12;95.13000000000001
34;93.67999999999999;12;95.13000000000001
35;94.17999999999999;12;95.13000000000001
36;94.37;12;95.13000000000001
37;93.84;12;95.13000000000001
38;94.14;12;95.13000000000001
39;94.36;12;95.13000000000001
40;94.22;12;95.13000000000001
41;93.67;12;95.13000000000001
42;94.15;12;95.13000000000001
43;94.04;12;95.13000000000001
44;93.88;12;95.13000000000001
45;94.23;12;95.13000000000001
46;94.38;12;95.13000000000001
47;94.53;12;95.13000000000001
