Layers: [784, 700, 500, 10]
Seed: 1231
Learning rate: 0.0003
Activation function: sigmoid
Output function: softmax
Epochs: 1000
Inverted: True
Thresholded: False
Threshold_value: 127
Epochs;Accuracy;MAX_Epoch;MAX
1;89.2;1;89.2
2;91.73;2;91.73
3;93.17;3;93.17
4;93.87;4;93.87
5;94.28999999999999;5;94.28999999999999
6;94.71000000000001;6;94.71000000000001
7;95.04;7;95.04
8;95.19;8;95.19
9;95.38;9;95.38
10;95.78;10;95.78
11;95.83;11;95.83
12;96.00999999999999;12;96.00999999999999
13;96.22;13;96.22
14;96.28999999999999;14;96.28999999999999
15;96.50999999999999;15;96.50999999999999
16;96.57;16;96.57
17;96.47;16;96.57
18;96.52;16;96.57
19;96.6;19;96.6
20;96.81;20;96.81
21;96.74000000000001;20;96.81
22;96.91;22;96.91
23;96.8;22;96.91
24;96.88;22;96.91
25;97.03;25;97.03
26;97.05;26;97.05
27;97.05;26;97.05
28;97.06;28;97.06
