Layers: [784, 700, 500, 10]
Seed: 1231
Learning rate: 0.001
Activation function: tanh
Output function: softmax
Epochs: 50
Inverted: False
Thresholded: False
Threshold_value: 127
Epochs;Accuracy
1;90.69
2;91.86999999999999
3;91.72
4;91.75
5;91.01
6;91.58
7;91.27
8;91.4
9;91.77
10;91.31
11;91.24
12;91.96
13;90.63
14;90.58
15;92.36999999999999
16;92.23
17;91.67999999999999
18;92.78999999999999
19;92.34
20;92.0
21;92.17
22;91.73
23;92.56
24;92.11
25;92.31
26;91.89
27;92.19000000000001
28;91.16
29;91.73
30;92.2
31;92.42
32;93.14
33;92.31
34;92.38
35;92.9
36;92.65
37;91.96
38;93.11
39;92.55
40;92.67999999999999
41;92.82000000000001
42;92.7
43;92.91
44;92.45
45;92.75999999999999
46;92.51
47;93.32000000000001
48;92.67
49;92.03
50;92.4
