Layers: [784, 700, 500, 10]
Seed: 1231
Learning rate: 0.0005
Activation function: sigmoid
Output function: softmax
Epochs: 1000
Inverted: False
Thresholded: False
Threshold_value: 127
Part of dataset: 100
Epochs;Accuracy;MAX_Epoch;MAX
1;22.0;1;22.0
2;35.0;2;35.0
3;45.0;3;45.0
4;50.0;4;50.0
5;55.00000000000001;5;55.00000000000001
6;56.99999999999999;6;56.99999999999999
7;63.0;7;63.0
8;65.0;8;65.0
9;67.0;9;67.0
10;69.0;10;69.0
11;71.0;11;71.0
12;73.0;12;73.0
13;74.0;13;74.0
14;76.0;14;76.0
15;75.0;14;76.0
16;77.0;16;77.0
17;77.0;16;77.0
18;77.0;16;77.0
19;77.0;16;77.0
20;78.0;20;78.0
21;79.0;21;79.0
22;80.0;22;80.0
23;79.0;22;80.0
24;79.0;22;80.0
25;80.0;22;80.0
26;82.0;26;82.0
27;81.0;26;82.0
28;81.0;26;82.0
29;80.0;26;82.0
30;81.0;26;82.0
31;81.0;26;82.0
32;81.0;26;82.0
33;81.0;26;82.0
34;82.0;26;82.0
35;82.0;26;82.0
36;82.0;26;82.0
37;82.0;26;82.0
38;82.0;26;82.0
39;82.0;26;82.0
40;82.0;26;82.0
41;82.0;26;82.0
42;82.0;26;82.0
43;82.0;26;82.0
44;82.0;26;82.0
45;83.0;45;83.0
46;82.0;45;83.0
47;82.0;45;83.0
48;82.0;45;83.0
49;82.0;45;83.0
50;82.0;45;83.0
51;82.0;45;83.0
52;83.0;45;83.0
53;83.0;45;83.0
54;83.0;45;83.0
55;84.0;55;84.0
56;84.0;55;84.0
57;84.0;55;84.0
58;84.0;55;84.0
59;85.0;59;85.0
60;85.0;59;85.0
61;85.0;59;85.0
62;85.0;59;85.0
63;84.0;59;85.0
64;86.0;64;86.0
65;86.0;64;86.0
66;86.0;64;86.0
67;86.0;64;86.0
68;86.0;64;86.0
69;86.0;64;86.0
70;86.0;64;86.0
71;86.0;64;86.0
72;86.0;64;86.0
73;86.0;64;86.0
74;86.0;64;86.0
75;86.0;64;86.0
76;86.0;64;86.0
77;86.0;64;86.0
78;86.0;64;86.0
79;86.0;64;86.0
80;86.0;64;86.0
81;86.0;64;86.0
82;86.0;64;86.0
83;86.0;64;86.0
84;86.0;64;86.0
85;86.0;64;86.0
86;86.0;64;86.0
87;86.0;64;86.0
88;86.0;64;86.0
89;86.0;64;86.0
90;86.0;64;86.0
91;86.0;64;86.0
92;86.0;64;86.0
93;86.0;64;86.0
94;86.0;64;86.0
95;86.0;64;86.0
96;86.0;64;86.0
97;86.0;64;86.0
98;86.0;64;86.0
99;86.0;64;86.0
100;86.0;64;86.0
101;86.0;64;86.0
102;86.0;64;86.0
103;86.0;64;86.0
104;85.0;64;86.0
105;85.0;64;86.0
106;85.0;64;86.0
107;86.0;64;86.0
108;86.0;64;86.0
109;86.0;64;86.0
110;86.0;64;86.0
111;86.0;64;86.0
112;86.0;64;86.0
113;86.0;64;86.0
114;86.0;64;86.0
115;86.0;64;86.0
116;86.0;64;86.0
117;86.0;64;86.0
118;86.0;64;86.0
119;86.0;64;86.0
120;86.0;64;86.0
121;86.0;64;86.0
122;86.0;64;86.0
123;86.0;64;86.0
124;86.0;64;86.0
125;86.0;64;86.0
126;86.0;64;86.0
127;86.0;64;86.0
128;86.0;64;86.0
129;86.0;64;86.0
130;86.0;64;86.0
131;86.0;64;86.0
132;86.0;64;86.0
133;86.0;64;86.0
134;86.0;64;86.0
135;86.0;64;86.0
136;86.0;64;86.0
137;86.0;64;86.0
138;86.0;64;86.0
139;86.0;64;86.0
140;86.0;64;86.0
141;86.0;64;86.0
142;86.0;64;86.0
143;86.0;64;86.0
144;86.0;64;86.0
145;87.0;145;87.0
146;87.0;145;87.0
147;87.0;145;87.0
148;87.0;145;87.0
149;87.0;145;87.0
150;87.0;145;87.0
151;87.0;145;87.0
152;87.0;145;87.0
153;87.0;145;87.0
154;87.0;145;87.0
155;86.0;145;87.0
156;86.0;145;87.0
157;86.0;145;87.0
158;86.0;145;87.0
159;86.0;145;87.0
160;86.0;145;87.0
161;86.0;145;87.0
162;86.0;145;87.0
163;86.0;145;87.0
164;86.0;145;87.0
165;86.0;145;87.0
166;86.0;145;87.0
167;86.0;145;87.0
168;86.0;145;87.0
169;86.0;145;87.0
170;86.0;145;87.0
171;86.0;145;87.0
172;86.0;145;87.0
173;86.0;145;87.0
174;86.0;145;87.0
175;86.0;145;87.0
176;86.0;145;87.0
177;86.0;145;87.0
178;86.0;145;87.0
179;86.0;145;87.0
180;86.0;145;87.0
181;86.0;145;87.0
182;87.0;145;87.0
183;87.0;145;87.0
184;87.0;145;87.0
185;87.0;145;87.0
186;87.0;145;87.0
187;87.0;145;87.0
188;87.0;145;87.0
189;87.0;145;87.0
190;87.0;145;87.0
191;87.0;145;87.0
192;87.0;145;87.0
193;87.0;145;87.0
194;87.0;145;87.0
195;87.0;145;87.0
196;87.0;145;87.0
197;87.0;145;87.0
198;87.0;145;87.0
199;87.0;145;87.0
200;87.0;145;87.0
201;87.0;145;87.0
202;87.0;145;87.0
203;87.0;145;87.0
204;87.0;145;87.0
205;87.0;145;87.0
206;87.0;145;87.0
207;87.0;145;87.0
208;87.0;145;87.0
209;87.0;145;87.0
210;87.0;145;87.0
211;87.0;145;87.0
212;87.0;145;87.0
213;87.0;145;87.0
214;87.0;145;87.0
215;87.0;145;87.0
216;87.0;145;87.0
217;87.0;145;87.0
218;87.0;145;87.0
219;87.0;145;87.0
220;87.0;145;87.0
221;87.0;145;87.0
222;87.0;145;87.0
223;87.0;145;87.0
224;87.0;145;87.0
225;87.0;145;87.0
226;87.0;145;87.0
227;87.0;145;87.0
228;87.0;145;87.0
229;87.0;145;87.0
230;87.0;145;87.0
231;87.0;145;87.0
232;87.0;145;87.0
233;87.0;145;87.0
234;87.0;145;87.0
235;87.0;145;87.0
236;87.0;145;87.0
237;87.0;145;87.0
238;87.0;145;87.0
239;87.0;145;87.0
240;87.0;145;87.0
241;87.0;145;87.0
242;87.0;145;87.0
243;87.0;145;87.0
244;87.0;145;87.0
245;87.0;145;87.0
246;87.0;145;87.0
247;87.0;145;87.0
248;87.0;145;87.0
249;87.0;145;87.0
250;87.0;145;87.0
251;87.0;145;87.0
252;87.0;145;87.0
253;87.0;145;87.0
254;87.0;145;87.0
255;87.0;145;87.0
256;87.0;145;87.0
257;87.0;145;87.0
258;87.0;145;87.0
259;87.0;145;87.0
260;87.0;145;87.0
261;87.0;145;87.0
262;87.0;145;87.0
263;87.0;145;87.0
264;87.0;145;87.0
265;87.0;145;87.0
266;87.0;145;87.0
267;87.0;145;87.0
268;87.0;145;87.0
269;87.0;145;87.0
270;87.0;145;87.0
271;87.0;145;87.0
272;87.0;145;87.0
273;87.0;145;87.0
274;87.0;145;87.0
275;87.0;145;87.0
276;88.0;276;88.0
277;88.0;276;88.0
278;88.0;276;88.0
279;88.0;276;88.0
280;88.0;276;88.0
281;88.0;276;88.0
282;88.0;276;88.0
283;88.0;276;88.0
284;88.0;276;88.0
285;88.0;276;88.0
286;88.0;276;88.0
287;88.0;276;88.0
288;88.0;276;88.0
289;88.0;276;88.0
290;88.0;276;88.0
291;88.0;276;88.0
292;88.0;276;88.0
293;88.0;276;88.0
294;88.0;276;88.0
295;88.0;276;88.0
296;88.0;276;88.0
297;88.0;276;88.0
298;88.0;276;88.0
299;88.0;276;88.0
300;88.0;276;88.0
301;88.0;276;88.0
302;88.0;276;88.0
303;88.0;276;88.0
304;88.0;276;88.0
305;88.0;276;88.0
306;88.0;276;88.0
307;88.0;276;88.0
308;88.0;276;88.0
309;88.0;276;88.0
310;88.0;276;88.0
311;88.0;276;88.0
312;88.0;276;88.0
313;88.0;276;88.0
314;88.0;276;88.0
315;88.0;276;88.0
316;88.0;276;88.0
317;88.0;276;88.0
318;88.0;276;88.0
319;88.0;276;88.0
320;88.0;276;88.0
321;88.0;276;88.0
322;88.0;276;88.0
323;88.0;276;88.0
324;88.0;276;88.0
325;88.0;276;88.0
326;88.0;276;88.0
327;88.0;276;88.0
328;88.0;276;88.0
329;88.0;276;88.0
330;88.0;276;88.0
331;88.0;276;88.0
332;88.0;276;88.0
333;88.0;276;88.0
334;88.0;276;88.0
335;88.0;276;88.0
336;88.0;276;88.0
337;88.0;276;88.0
338;88.0;276;88.0
339;88.0;276;88.0
340;88.0;276;88.0
341;88.0;276;88.0
342;88.0;276;88.0
343;88.0;276;88.0
344;88.0;276;88.0
345;88.0;276;88.0
346;88.0;276;88.0
347;88.0;276;88.0
348;88.0;276;88.0
349;88.0;276;88.0
350;88.0;276;88.0
351;88.0;276;88.0
352;88.0;276;88.0
353;88.0;276;88.0
354;88.0;276;88.0
355;88.0;276;88.0
356;88.0;276;88.0
357;88.0;276;88.0
358;88.0;276;88.0
359;88.0;276;88.0
360;88.0;276;88.0
361;88.0;276;88.0
362;88.0;276;88.0
363;88.0;276;88.0
364;88.0;276;88.0
365;88.0;276;88.0
366;88.0;276;88.0
367;88.0;276;88.0
368;88.0;276;88.0
369;88.0;276;88.0
370;88.0;276;88.0
371;88.0;276;88.0
372;88.0;276;88.0
373;88.0;276;88.0
374;88.0;276;88.0
375;88.0;276;88.0
376;88.0;276;88.0
377;88.0;276;88.0
378;88.0;276;88.0
379;88.0;276;88.0
380;88.0;276;88.0
381;88.0;276;88.0
382;88.0;276;88.0
383;88.0;276;88.0
384;88.0;276;88.0
385;88.0;276;88.0
386;88.0;276;88.0
387;88.0;276;88.0
388;88.0;276;88.0
389;88.0;276;88.0
390;88.0;276;88.0
391;88.0;276;88.0
392;88.0;276;88.0
393;88.0;276;88.0
394;88.0;276;88.0
395;88.0;276;88.0
396;88.0;276;88.0
397;88.0;276;88.0
398;88.0;276;88.0
399;88.0;276;88.0
400;88.0;276;88.0
401;88.0;276;88.0
402;88.0;276;88.0
403;88.0;276;88.0
404;88.0;276;88.0
405;88.0;276;88.0
406;88.0;276;88.0
407;88.0;276;88.0
408;88.0;276;88.0
409;88.0;276;88.0
410;88.0;276;88.0
411;88.0;276;88.0
412;88.0;276;88.0
413;88.0;276;88.0
414;88.0;276;88.0
415;88.0;276;88.0
416;88.0;276;88.0
417;88.0;276;88.0
418;88.0;276;88.0
419;88.0;276;88.0
420;88.0;276;88.0
421;88.0;276;88.0
422;88.0;276;88.0
423;88.0;276;88.0
424;88.0;276;88.0
425;88.0;276;88.0
426;88.0;276;88.0
427;88.0;276;88.0
428;88.0;276;88.0
429;88.0;276;88.0
430;88.0;276;88.0
431;88.0;276;88.0
432;88.0;276;88.0
433;88.0;276;88.0
434;88.0;276;88.0
435;88.0;276;88.0
436;88.0;276;88.0
437;88.0;276;88.0
438;88.0;276;88.0
439;88.0;276;88.0
440;88.0;276;88.0
441;88.0;276;88.0
442;88.0;276;88.0
443;88.0;276;88.0
444;88.0;276;88.0
445;88.0;276;88.0
446;88.0;276;88.0
447;88.0;276;88.0
448;88.0;276;88.0
449;88.0;276;88.0
450;88.0;276;88.0
451;88.0;276;88.0
452;88.0;276;88.0
453;88.0;276;88.0
454;88.0;276;88.0
455;88.0;276;88.0
456;88.0;276;88.0
457;88.0;276;88.0
458;88.0;276;88.0
459;88.0;276;88.0
460;88.0;276;88.0
461;88.0;276;88.0
462;88.0;276;88.0
463;88.0;276;88.0
464;88.0;276;88.0
465;88.0;276;88.0
466;88.0;276;88.0
467;88.0;276;88.0
468;88.0;276;88.0
469;88.0;276;88.0
470;88.0;276;88.0
471;88.0;276;88.0
472;88.0;276;88.0
473;88.0;276;88.0
474;88.0;276;88.0
475;88.0;276;88.0
476;88.0;276;88.0
477;88.0;276;88.0
478;88.0;276;88.0
479;88.0;276;88.0
480;88.0;276;88.0
481;88.0;276;88.0
482;88.0;276;88.0
483;88.0;276;88.0
484;88.0;276;88.0
485;88.0;276;88.0
486;88.0;276;88.0
487;88.0;276;88.0
488;88.0;276;88.0
489;88.0;276;88.0
490;88.0;276;88.0
491;88.0;276;88.0
492;88.0;276;88.0
493;88.0;276;88.0
494;88.0;276;88.0
495;88.0;276;88.0
496;88.0;276;88.0
497;88.0;276;88.0
498;88.0;276;88.0
499;88.0;276;88.0
500;88.0;276;88.0
501;88.0;276;88.0
502;88.0;276;88.0
503;88.0;276;88.0
504;88.0;276;88.0
505;88.0;276;88.0
506;88.0;276;88.0
507;88.0;276;88.0
508;88.0;276;88.0
509;88.0;276;88.0
510;88.0;276;88.0
511;88.0;276;88.0
512;88.0;276;88.0
513;88.0;276;88.0
514;88.0;276;88.0
515;88.0;276;88.0
516;88.0;276;88.0
517;88.0;276;88.0
518;88.0;276;88.0
519;88.0;276;88.0
520;88.0;276;88.0
521;88.0;276;88.0
522;88.0;276;88.0
523;88.0;276;88.0
524;88.0;276;88.0
525;88.0;276;88.0
526;88.0;276;88.0
527;88.0;276;88.0
528;88.0;276;88.0
529;88.0;276;88.0
530;88.0;276;88.0
531;88.0;276;88.0
532;88.0;276;88.0
533;88.0;276;88.0
534;88.0;276;88.0
535;88.0;276;88.0
536;88.0;276;88.0
537;88.0;276;88.0
538;88.0;276;88.0
539;88.0;276;88.0
540;88.0;276;88.0
541;88.0;276;88.0
542;88.0;276;88.0
543;88.0;276;88.0
544;88.0;276;88.0
545;88.0;276;88.0
546;88.0;276;88.0
547;88.0;276;88.0
548;88.0;276;88.0
549;88.0;276;88.0
550;88.0;276;88.0
551;88.0;276;88.0
552;88.0;276;88.0
553;88.0;276;88.0
554;88.0;276;88.0
555;88.0;276;88.0
556;88.0;276;88.0
557;88.0;276;88.0
558;88.0;276;88.0
559;88.0;276;88.0
560;88.0;276;88.0
561;88.0;276;88.0
562;88.0;276;88.0
563;88.0;276;88.0
564;88.0;276;88.0
565;88.0;276;88.0
566;88.0;276;88.0
567;88.0;276;88.0
568;88.0;276;88.0
569;88.0;276;88.0
570;88.0;276;88.0
571;88.0;276;88.0
572;88.0;276;88.0
573;88.0;276;88.0
574;88.0;276;88.0
575;88.0;276;88.0
576;88.0;276;88.0
577;88.0;276;88.0
578;88.0;276;88.0
579;88.0;276;88.0
580;88.0;276;88.0
581;88.0;276;88.0
582;88.0;276;88.0
583;88.0;276;88.0
584;88.0;276;88.0
585;88.0;276;88.0
586;88.0;276;88.0
587;88.0;276;88.0
588;88.0;276;88.0
589;88.0;276;88.0
590;88.0;276;88.0
591;88.0;276;88.0
592;88.0;276;88.0
593;88.0;276;88.0
594;88.0;276;88.0
595;88.0;276;88.0
596;88.0;276;88.0
597;88.0;276;88.0
598;88.0;276;88.0
599;88.0;276;88.0
600;88.0;276;88.0
601;88.0;276;88.0
602;88.0;276;88.0
603;88.0;276;88.0
604;88.0;276;88.0
605;88.0;276;88.0
606;88.0;276;88.0
607;88.0;276;88.0
608;88.0;276;88.0
609;88.0;276;88.0
610;88.0;276;88.0
611;88.0;276;88.0
612;88.0;276;88.0
613;88.0;276;88.0
614;88.0;276;88.0
615;88.0;276;88.0
616;88.0;276;88.0
617;88.0;276;88.0
618;88.0;276;88.0
619;88.0;276;88.0
620;88.0;276;88.0
621;88.0;276;88.0
622;88.0;276;88.0
623;88.0;276;88.0
624;88.0;276;88.0
625;88.0;276;88.0
626;88.0;276;88.0
627;88.0;276;88.0
628;88.0;276;88.0
629;88.0;276;88.0
630;88.0;276;88.0
631;88.0;276;88.0
632;88.0;276;88.0
633;88.0;276;88.0
634;88.0;276;88.0
635;88.0;276;88.0
636;88.0;276;88.0
637;88.0;276;88.0
638;88.0;276;88.0
639;88.0;276;88.0
640;88.0;276;88.0
641;88.0;276;88.0
642;88.0;276;88.0
643;88.0;276;88.0
644;88.0;276;88.0
645;88.0;276;88.0
646;88.0;276;88.0
647;88.0;276;88.0
648;88.0;276;88.0
649;88.0;276;88.0
650;88.0;276;88.0
651;88.0;276;88.0
652;88.0;276;88.0
653;88.0;276;88.0
654;88.0;276;88.0
655;88.0;276;88.0
656;88.0;276;88.0
657;88.0;276;88.0
658;88.0;276;88.0
659;88.0;276;88.0
660;88.0;276;88.0
661;88.0;276;88.0
662;88.0;276;88.0
663;88.0;276;88.0
664;88.0;276;88.0
665;88.0;276;88.0
666;88.0;276;88.0
667;88.0;276;88.0
668;88.0;276;88.0
669;88.0;276;88.0
670;88.0;276;88.0
671;88.0;276;88.0
672;88.0;276;88.0
673;88.0;276;88.0
674;88.0;276;88.0
675;88.0;276;88.0
676;88.0;276;88.0
677;88.0;276;88.0
678;88.0;276;88.0
679;88.0;276;88.0
680;88.0;276;88.0
681;88.0;276;88.0
682;88.0;276;88.0
683;88.0;276;88.0
684;88.0;276;88.0
685;88.0;276;88.0
686;88.0;276;88.0
687;88.0;276;88.0
688;88.0;276;88.0
689;88.0;276;88.0
690;88.0;276;88.0
691;88.0;276;88.0
692;88.0;276;88.0
693;88.0;276;88.0
694;88.0;276;88.0
695;88.0;276;88.0
696;88.0;276;88.0
697;88.0;276;88.0
698;88.0;276;88.0
699;88.0;276;88.0
700;88.0;276;88.0
701;88.0;276;88.0
702;88.0;276;88.0
703;88.0;276;88.0
704;88.0;276;88.0
705;88.0;276;88.0
706;88.0;276;88.0
707;88.0;276;88.0
708;88.0;276;88.0
709;88.0;276;88.0
710;88.0;276;88.0
711;88.0;276;88.0
712;88.0;276;88.0
713;88.0;276;88.0
714;88.0;276;88.0
715;88.0;276;88.0
716;88.0;276;88.0
717;88.0;276;88.0
718;88.0;276;88.0
719;88.0;276;88.0
720;88.0;276;88.0
721;88.0;276;88.0
722;88.0;276;88.0
723;88.0;276;88.0
724;88.0;276;88.0
725;88.0;276;88.0
726;88.0;276;88.0
727;88.0;276;88.0
728;88.0;276;88.0
729;88.0;276;88.0
730;88.0;276;88.0
731;88.0;276;88.0
732;88.0;276;88.0
733;88.0;276;88.0
734;88.0;276;88.0
735;88.0;276;88.0
736;88.0;276;88.0
737;88.0;276;88.0
738;88.0;276;88.0
739;88.0;276;88.0
740;88.0;276;88.0
741;88.0;276;88.0
742;88.0;276;88.0
743;88.0;276;88.0
744;88.0;276;88.0
745;88.0;276;88.0
746;88.0;276;88.0
747;88.0;276;88.0
748;88.0;276;88.0
749;88.0;276;88.0
750;88.0;276;88.0
751;88.0;276;88.0
752;88.0;276;88.0
753;88.0;276;88.0
754;88.0;276;88.0
755;88.0;276;88.0
756;88.0;276;88.0
757;87.0;276;88.0
758;87.0;276;88.0
759;87.0;276;88.0
760;87.0;276;88.0
761;87.0;276;88.0
762;87.0;276;88.0
763;87.0;276;88.0
764;87.0;276;88.0
765;87.0;276;88.0
766;87.0;276;88.0
767;87.0;276;88.0
768;87.0;276;88.0
769;87.0;276;88.0
770;87.0;276;88.0
771;87.0;276;88.0
772;87.0;276;88.0
773;87.0;276;88.0
774;87.0;276;88.0
775;87.0;276;88.0
776;87.0;276;88.0
777;87.0;276;88.0
778;87.0;276;88.0
779;87.0;276;88.0
780;87.0;276;88.0
781;87.0;276;88.0
782;87.0;276;88.0
783;87.0;276;88.0
784;87.0;276;88.0
785;87.0;276;88.0
786;87.0;276;88.0
787;87.0;276;88.0
788;87.0;276;88.0
789;87.0;276;88.0
790;87.0;276;88.0
791;87.0;276;88.0
792;87.0;276;88.0
793;87.0;276;88.0
794;87.0;276;88.0
795;87.0;276;88.0
796;87.0;276;88.0
797;87.0;276;88.0
798;87.0;276;88.0
799;87.0;276;88.0
800;87.0;276;88.0
801;87.0;276;88.0
802;87.0;276;88.0
803;87.0;276;88.0
804;87.0;276;88.0
805;87.0;276;88.0
806;87.0;276;88.0
807;87.0;276;88.0
808;87.0;276;88.0
809;87.0;276;88.0
810;87.0;276;88.0
811;87.0;276;88.0
812;87.0;276;88.0
813;87.0;276;88.0
814;87.0;276;88.0
815;87.0;276;88.0
816;87.0;276;88.0
817;87.0;276;88.0
818;87.0;276;88.0
819;87.0;276;88.0
820;87.0;276;88.0
821;87.0;276;88.0
822;87.0;276;88.0
823;87.0;276;88.0
824;87.0;276;88.0
825;87.0;276;88.0
826;87.0;276;88.0
827;87.0;276;88.0
828;87.0;276;88.0
829;87.0;276;88.0
830;87.0;276;88.0
831;87.0;276;88.0
832;87.0;276;88.0
833;87.0;276;88.0
834;87.0;276;88.0
835;87.0;276;88.0
836;87.0;276;88.0
837;87.0;276;88.0
838;87.0;276;88.0
839;87.0;276;88.0
840;87.0;276;88.0
841;87.0;276;88.0
842;87.0;276;88.0
843;87.0;276;88.0
844;87.0;276;88.0
845;87.0;276;88.0
846;87.0;276;88.0
847;87.0;276;88.0
848;87.0;276;88.0
849;87.0;276;88.0
850;87.0;276;88.0
851;87.0;276;88.0
852;87.0;276;88.0
853;87.0;276;88.0
854;87.0;276;88.0
855;87.0;276;88.0
856;87.0;276;88.0
857;87.0;276;88.0
858;87.0;276;88.0
859;87.0;276;88.0
860;87.0;276;88.0
861;87.0;276;88.0
862;87.0;276;88.0
863;87.0;276;88.0
864;87.0;276;88.0
865;87.0;276;88.0
866;87.0;276;88.0
867;87.0;276;88.0
868;87.0;276;88.0
869;87.0;276;88.0
870;87.0;276;88.0
871;88.0;276;88.0
872;87.0;276;88.0
873;87.0;276;88.0
874;87.0;276;88.0
875;87.0;276;88.0
876;87.0;276;88.0
877;87.0;276;88.0
878;87.0;276;88.0
879;87.0;276;88.0
880;87.0;276;88.0
881;87.0;276;88.0
882;87.0;276;88.0
883;87.0;276;88.0
884;87.0;276;88.0
885;87.0;276;88.0
886;87.0;276;88.0
887;87.0;276;88.0
888;87.0;276;88.0
889;87.0;276;88.0
890;87.0;276;88.0
891;87.0;276;88.0
892;87.0;276;88.0
893;87.0;276;88.0
894;87.0;276;88.0
895;87.0;276;88.0
896;87.0;276;88.0
897;87.0;276;88.0
898;87.0;276;88.0
899;87.0;276;88.0
900;87.0;276;88.0
901;87.0;276;88.0
902;87.0;276;88.0
903;87.0;276;88.0
904;87.0;276;88.0
905;87.0;276;88.0
906;87.0;276;88.0
907;87.0;276;88.0
908;87.0;276;88.0
909;87.0;276;88.0
910;87.0;276;88.0
911;87.0;276;88.0
912;87.0;276;88.0
913;87.0;276;88.0
914;87.0;276;88.0
915;87.0;276;88.0
916;87.0;276;88.0
917;87.0;276;88.0
918;87.0;276;88.0
919;87.0;276;88.0
920;87.0;276;88.0
921;87.0;276;88.0
922;87.0;276;88.0
923;87.0;276;88.0
924;87.0;276;88.0
925;87.0;276;88.0
926;87.0;276;88.0
927;87.0;276;88.0
928;87.0;276;88.0
929;87.0;276;88.0
930;87.0;276;88.0
931;87.0;276;88.0
932;87.0;276;88.0
933;87.0;276;88.0
934;87.0;276;88.0
935;87.0;276;88.0
936;87.0;276;88.0
937;87.0;276;88.0
938;87.0;276;88.0
939;87.0;276;88.0
940;87.0;276;88.0
941;87.0;276;88.0
942;87.0;276;88.0
943;87.0;276;88.0
944;87.0;276;88.0
945;87.0;276;88.0
946;87.0;276;88.0
947;87.0;276;88.0
948;87.0;276;88.0
949;87.0;276;88.0
950;87.0;276;88.0
951;87.0;276;88.0
952;87.0;276;88.0
953;87.0;276;88.0
954;87.0;276;88.0
955;87.0;276;88.0
956;87.0;276;88.0
957;87.0;276;88.0
958;87.0;276;88.0
959;87.0;276;88.0
960;87.0;276;88.0
961;87.0;276;88.0
962;87.0;276;88.0
963;87.0;276;88.0
964;87.0;276;88.0
965;87.0;276;88.0
966;87.0;276;88.0
967;87.0;276;88.0
968;87.0;276;88.0
969;87.0;276;88.0
970;87.0;276;88.0
971;87.0;276;88.0
972;87.0;276;88.0
973;87.0;276;88.0
974;87.0;276;88.0
975;87.0;276;88.0
976;87.0;276;88.0
977;87.0;276;88.0
978;87.0;276;88.0
979;87.0;276;88.0
980;87.0;276;88.0
981;87.0;276;88.0
982;87.0;276;88.0
983;87.0;276;88.0
984;87.0;276;88.0
985;87.0;276;88.0
986;87.0;276;88.0
987;87.0;276;88.0
988;87.0;276;88.0
989;87.0;276;88.0
990;87.0;276;88.0
991;87.0;276;88.0
992;87.0;276;88.0
993;87.0;276;88.0
994;87.0;276;88.0
995;87.0;276;88.0
996;87.0;276;88.0
997;87.0;276;88.0
998;87.0;276;88.0
999;87.0;276;88.0
1000;87.0;276;88.0
