Layers: [784, 512, 256, 10]
Seed: 1231
Learning rate: 0.001
Activation function: sigmoid
Output function: softmax
Epochs: 50
Inverted: False
Thresholded: False
Threshold_value: 127
Part of dataset: 100
Epochs;Accuracy
1;28.999999999999996
2;49.0
3;56.00000000000001
4;65.0
5;71.0
6;72.0
7;72.0
8;77.0
9;76.0
10;77.0
11;79.0
12;79.0
13;81.0
14;82.0
15;84.0
16;83.0
17;84.0
18;83.0
19;84.0
20;83.0
21;84.0
22;84.0
23;83.0
24;82.0
25;82.0
26;83.0
27;84.0
28;84.0
29;84.0
30;84.0
31;84.0
32;86.0
33;86.0
34;86.0
35;87.0
36;86.0
37;84.0
38;85.0
39;85.0
40;86.0
41;86.0
42;85.0
43;85.0
44;85.0
45;85.0
46;84.0
47;85.0
48;86.0
49;87.0
50;86.0
