Layers: [784, 700, 500, 10]
Seed: 1231
Learning rate: 0.001
Activation function: tanh
Output function: softmax
Epochs: 300
Inverted: False
Thresholded: False
Threshold_value: 127
Part of dataset: 100
Epochs;Accuracy
1;55.00000000000001
2;56.00000000000001
3;70.0
4;71.0
5;70.0
6;71.0
7;73.0
8;75.0
9;76.0
10;76.0
11;78.0
12;80.0
13;79.0
14;79.0
15;83.0
16;81.0
17;80.0
18;80.0
19;82.0
20;79.0
21;80.0
22;81.0
23;80.0
24;84.0
25;81.0
26;79.0
27;81.0
28;83.0
29;85.0
30;85.0
31;87.0
32;84.0
33;83.0
34;85.0
35;83.0
36;83.0
37;86.0
38;85.0
39;85.0
40;83.0
41;81.0
42;86.0
43;85.0
44;86.0
45;86.0
46;86.0
47;85.0
48;87.0
49;88.0
50;87.0
51;87.0
52;87.0
53;86.0
54;86.0
55;87.0
56;86.0
57;87.0
58;87.0
59;87.0
60;87.0
61;88.0
62;88.0
63;87.0
64;86.0
65;85.0
66;86.0
67;88.0
68;87.0
69;87.0
70;86.0
71;87.0
72;87.0
73;86.0
74;88.0
75;87.0
76;87.0
77;87.0
78;86.0
79;87.0
80;87.0
81;88.0
82;88.0
83;88.0
84;87.0
85;87.0
86;89.0
87;85.0
88;85.0
89;87.0
90;87.0
91;86.0
92;85.0
93;86.0
94;86.0
95;87.0
96;86.0
97;87.0
98;86.0
99;85.0
100;85.0
101;86.0
102;88.0
103;86.0
104;86.0
105;86.0
106;84.0
107;85.0
108;85.0
109;85.0
110;86.0
111;86.0
112;86.0
113;86.0
114;86.0
115;85.0
116;85.0
117;86.0
118;86.0
119;86.0
120;86.0
121;86.0
122;86.0
123;86.0
124;86.0
125;85.0
126;86.0
127;86.0
128;87.0
129;87.0
130;86.0
131;86.0
132;86.0
133;86.0
134;86.0
135;86.0
136;86.0
137;86.0
138;87.0
139;87.0
140;87.0
141;87.0
142;86.0
143;87.0
144;87.0
145;87.0
146;86.0
147;86.0
148;86.0
149;87.0
150;87.0
151;87.0
152;86.0
153;87.0
154;86.0
155;86.0
156;87.0
157;86.0
158;87.0
159;86.0
160;86.0
161;86.0
162;86.0
163;86.0
164;86.0
165;86.0
166;86.0
167;86.0
168;86.0
169;87.0
170;86.0
171;86.0
172;86.0
173;87.0
174;87.0
175;87.0
176;87.0
177;86.0
178;87.0
179;87.0
180;87.0
181;87.0
182;87.0
183;86.0
184;87.0
185;85.0
186;85.0
187;85.0
188;85.0
189;85.0
190;85.0
191;85.0
192;86.0
193;85.0
194;85.0
195;85.0
196;85.0
197;85.0
198;85.0
199;85.0
200;85.0
201;85.0
202;85.0
203;85.0
204;85.0
205;85.0
206;85.0
207;85.0
208;85.0
209;85.0
210;85.0
211;85.0
212;85.0
213;85.0
214;85.0
215;85.0
216;85.0
217;86.0
218;86.0
219;85.0
220;85.0
221;85.0
222;85.0
223;85.0
224;85.0
225;86.0
226;85.0
227;86.0
228;86.0
229;86.0
230;86.0
231;86.0
232;86.0
233;86.0
234;86.0
235;86.0
236;86.0
237;86.0
238;86.0
239;86.0
240;86.0
241;85.0
242;86.0
243;85.0
244;86.0
245;85.0
246;85.0
247;85.0
248;86.0
249;86.0
250;85.0
251;85.0
252;85.0
253;85.0
254;85.0
255;85.0
256;84.0
257;84.0
258;85.0
259;84.0
260;85.0
261;85.0
262;85.0
263;85.0
264;86.0
265;86.0
266;86.0
267;86.0
268;86.0
269;86.0
270;86.0
271;86.0
272;86.0
273;86.0
274;86.0
275;86.0
276;86.0
277;86.0
278;86.0
279;86.0
280;86.0
281;85.0
282;85.0
283;85.0
284;85.0
285;85.0
286;85.0
287;85.0
288;85.0
289;85.0
290;85.0
291;85.0
292;85.0
293;85.0
294;85.0
295;85.0
296;85.0
297;85.0
298;85.0
299;85.0
300;85.0
