Layers: [784, 700, 500, 10]
Seed: 1231
Learning rate: 0.001
Activation function: sigmoid
Output function: softmax
Epochs: 100
Inverted: False
Thresholded: False
Threshold_value: 127
Part of dataset: 100
Epochs;Accuracy
1;35.0
2;44.0
3;53.0
4;59.0
5;66.0
6;72.0
7;74.0
8;78.0
9;78.0
10;79.0
11;81.0
12;82.0
13;82.0
14;82.0
15;82.0
16;85.0
17;82.0
18;83.0
19;83.0
20;84.0
21;86.0
22;86.0
23;85.0
24;85.0
25;86.0
26;85.0
27;85.0
28;86.0
29;87.0
30;86.0
31;86.0
32;87.0
33;87.0
34;87.0
35;87.0
36;87.0
37;87.0
38;87.0
39;87.0
40;87.0
41;87.0
42;87.0
43;87.0
44;87.0
45;87.0
46;87.0
47;87.0
48;87.0
49;87.0
50;87.0
51;88.0
52;87.0
53;88.0
54;88.0
55;88.0
56;88.0
57;88.0
58;88.0
59;88.0
60;88.0
61;88.0
62;88.0
63;88.0
64;88.0
65;88.0
66;88.0
67;88.0
68;88.0
69;88.0
70;88.0
71;88.0
72;88.0
73;88.0
74;88.0
75;88.0
76;89.0
77;89.0
78;89.0
79;89.0
80;89.0
81;89.0
82;89.0
83;89.0
84;89.0
85;89.0
86;89.0
87;89.0
88;89.0
89;89.0
90;89.0
91;89.0
92;89.0
93;89.0
94;89.0
95;89.0
96;89.0
97;89.0
98;89.0
99;89.0
100;89.0
