Layers: [784, 700, 500, 10]
Seed: 53
Learning rate: 0.001
Activation function: sigmoid
Output function: softmax
Epochs: 40
Inverted: False
Thresholded: False
Threshold_value: 127
Epochs;Accuracy;MAX_Epoch;MAX
1;92.04;1;92.04
2;93.42;2;93.42
3;94.28999999999999;3;94.28999999999999
4;94.33;4;94.33
5;93.96;4;94.33
6;94.0;4;94.33
7;93.97;4;94.33
8;94.48;8;94.48
9;94.02000000000001;8;94.48
10;93.88;8;94.48
11;94.14;8;94.48
12;93.97;8;94.48
13;93.84;8;94.48
14;93.73;8;94.48
15;93.85;8;94.48
16;93.73;8;94.48
17;93.66;8;94.48
18;93.35;8;94.48
19;92.96;8;94.48
20;93.41000000000001;8;94.48
21;93.42;8;94.48
22;93.47;8;94.48
23;92.77;8;94.48
24;93.71000000000001;8;94.48
25;93.32000000000001;8;94.48
26;92.94;8;94.48
27;93.57;8;94.48
28;93.44;8;94.48
29;93.11;8;94.48
