Layers: [784, 700, 500, 10]
Seed: 1231
Learning rate: 0.001
Activation function: sigmoid
Output function: softmax
Epochs: 300
Inverted: False
Thresholded: False
Threshold_value: 127
Part of dataset: 100
Epochs;Accuracy
1;35.0
2;44.0
3;53.0
4;59.0
5;66.0
6;72.0
7;74.0
8;78.0
9;78.0
10;79.0
11;81.0
12;82.0
13;82.0
14;82.0
15;82.0
16;85.0
17;82.0
18;83.0
19;83.0
20;84.0
21;86.0
22;86.0
23;85.0
24;85.0
25;86.0
26;85.0
27;85.0
28;86.0
29;87.0
30;86.0
31;86.0
32;87.0
33;87.0
34;87.0
35;87.0
36;87.0
37;87.0
38;87.0
39;87.0
40;87.0
41;87.0
42;87.0
43;87.0
44;87.0
45;87.0
46;87.0
47;87.0
48;87.0
49;87.0
50;87.0
51;88.0
52;87.0
53;88.0
54;88.0
55;88.0
56;88.0
57;88.0
58;88.0
59;88.0
60;88.0
61;88.0
62;88.0
63;88.0
64;88.0
65;88.0
66;88.0
67;88.0
68;88.0
69;88.0
70;88.0
71;88.0
72;88.0
73;88.0
74;88.0
75;88.0
76;89.0
77;89.0
78;89.0
79;89.0
80;89.0
81;89.0
82;89.0
83;89.0
84;89.0
85;89.0
86;89.0
87;89.0
88;89.0
89;89.0
90;89.0
91;89.0
92;89.0
93;89.0
94;89.0
95;89.0
96;89.0
97;89.0
98;89.0
99;89.0
100;89.0
101;89.0
102;89.0
103;89.0
104;89.0
105;89.0
106;89.0
107;89.0
108;89.0
109;89.0
110;89.0
111;89.0
112;89.0
113;89.0
114;89.0
115;89.0
116;89.0
117;89.0
118;89.0
119;89.0
120;89.0
121;89.0
122;89.0
123;89.0
124;89.0
125;89.0
126;89.0
127;89.0
128;89.0
129;89.0
130;89.0
131;89.0
132;89.0
133;89.0
134;89.0
135;89.0
136;89.0
137;88.0
138;88.0
139;88.0
140;88.0
141;88.0
142;88.0
143;88.0
144;88.0
145;88.0
146;88.0
147;88.0
148;88.0
149;88.0
150;88.0
151;88.0
152;88.0
153;88.0
154;88.0
155;88.0
156;88.0
157;88.0
158;88.0
159;88.0
160;88.0
161;88.0
162;88.0
163;88.0
164;88.0
165;88.0
166;88.0
167;88.0
168;88.0
169;88.0
170;88.0
171;88.0
172;88.0
173;88.0
174;88.0
175;88.0
176;88.0
177;88.0
178;88.0
179;88.0
180;88.0
181;88.0
182;88.0
183;88.0
184;88.0
185;88.0
186;89.0
187;89.0
188;88.0
189;88.0
190;88.0
191;88.0
192;88.0
193;88.0
194;88.0
195;88.0
196;88.0
197;88.0
198;88.0
199;88.0
200;88.0
201;88.0
202;88.0
203;88.0
204;88.0
205;88.0
206;88.0
207;88.0
208;88.0
209;88.0
210;88.0
211;88.0
212;88.0
213;88.0
214;88.0
215;88.0
216;88.0
217;88.0
218;88.0
219;88.0
220;88.0
221;88.0
222;88.0
223;88.0
224;88.0
225;88.0
226;88.0
227;88.0
228;88.0
229;88.0
230;88.0
231;88.0
232;88.0
233;88.0
234;88.0
235;88.0
236;88.0
237;88.0
238;88.0
239;88.0
240;88.0
241;88.0
242;88.0
243;87.0
244;87.0
245;87.0
246;87.0
247;87.0
248;87.0
249;87.0
250;87.0
251;87.0
252;87.0
253;87.0
254;87.0
255;87.0
256;87.0
257;87.0
258;87.0
259;87.0
260;87.0
261;87.0
262;87.0
263;87.0
264;87.0
265;88.0
266;88.0
267;87.0
268;87.0
269;87.0
270;87.0
271;87.0
272;87.0
273;87.0
274;87.0
275;87.0
276;87.0
277;87.0
278;87.0
279;87.0
280;87.0
281;87.0
282;87.0
283;87.0
284;87.0
285;87.0
286;87.0
287;87.0
288;87.0
289;87.0
290;87.0
291;87.0
292;87.0
293;87.0
294;87.0
295;87.0
296;87.0
297;87.0
298;87.0
299;87.0
300;87.0
