Layers: [784, 700, 500, 10]
Seed: 1231
Learning rate: 0.001
Activation function: sigmoid
Output function: softmax
Epochs: 50
Inverted: True
Thresholded: False
Threshold_value: 127
Epochs;Accuracy
1;91.84
2;93.13
3;93.28
4;93.32000000000001
5;93.23
6;93.11
7;92.96
8;93.28
9;93.37
10;93.31
11;93.66
12;92.95
13;92.57
14;93.41000000000001
15;93.55
16;93.61
17;93.5
18;93.43
19;93.45
20;93.45
21;93.77
22;93.55
23;93.58
24;93.17999999999999
25;93.8
26;93.64
27;93.95
28;93.56
29;94.22
30;93.92
31;93.87
32;94.24
33;94.62
34;94.03
35;93.81
36;93.95
37;94.43
38;94.26
39;94.17999999999999
40;94.13
41;93.8
42;94.82000000000001
43;94.32000000000001
44;94.67999999999999
45;94.83
46;94.35
47;94.67
48;94.52000000000001
49;94.67999999999999
50;94.59
