Layers: [784, 700, 500, 10]
Seed: 1231
Learning rate: 0.001
Activation function: sigmoid
Output function: softmax
Epochs: 50
Inverted: True
Thresholded: True
Threshold_value: 127
Epochs;Accuracy
1;90.75999999999999
2;92.21000000000001
3;92.73
4;92.78999999999999
5;92.78999999999999
6;93.01
7;93.21000000000001
8;93.04
9;93.16
10;92.95
11;93.25
12;92.82000000000001
13;92.63
14;93.35
15;93.42
16;92.97999999999999
17;93.45
18;92.83
19;93.43
20;93.23
21;93.51
22;93.34
23;93.16
24;93.67
25;93.84
26;93.42
27;93.54
28;93.95
29;93.85
30;93.73
31;93.53
32;93.23
33;93.78999999999999
34;93.44
35;93.67
36;93.99
37;94.12
38;94.48
39;94.36
40;94.03
41;94.07
42;94.63000000000001
43;94.23
44;94.26
45;94.62
46;94.15
47;94.57
48;94.39
49;94.03
50;94.65
